1 0.5765625 0.38203125 0.059375 0.1671875
1 0.7796875 0.64375 0.0625 0.2390625
1 0.29375 0.7359375 0.06875 0.2296875
1 0.22734375 0.3875 0.040625 0.184375
1 0.3453125 0.478125 0.0546875 0.1640625
1 0.38203125 0.6375 0.0609375 0.2046875
1 0.69921875 0.48125 0.0625 0.240625
1 0.6734375 0.4515625 0.0359375 0.1875
1 0.603125 0.30546875 0.0234375 0.159375
1 0.9078125 0.696875 0.0671875 0.1171875
2 0.078125 0.39921875 0.0546875 0.13125
2 0.646875 0.75078125 0.0515625 0.1265625
2 0.76171875 0.3640625 0.03125 0.1515625
0 0.88359375 0.6796875 0.0171875 0.0328125