1 0.65 0.8296875 0.1 0.30625
1 0.59296875 0.5234375 0.0828125 0.259375
1 0.3015625 0.47265625 0.075 0.2671875
1 0.4640625 0.43515625 0.05625 0.2328125
1 0.50625 0.49375 0.071875 0.271875
1 0.728125 0.37265625 0.071875 0.2515625
2 0.4421875 0.853125 0.08125 0.290625
1 0.45 0.67890625 0.071875 0.2734375
1 0.7734375 0.3671875 0.065625 0.240625
1 0.37734375 0.503125 0.0953125 0.2875
0 0.3515625 0.33671875 0.028125 0.0515625
2 0.33125 0.29609375 0.05625 0.1890625
2 0.96875 0.32734375 0.0625 0.2171875
1 0.5515625 0.3078125 0.059375 0.203125