2 0.1953125 0.878125 0.06875 0.24375
1 0.3453125 0.55078125 0.06875 0.225
1 0.5625 0.7828125 0.09375 0.25
1 0.5703125 0.615625 0.0625 0.221875
1 0.2109375 0.5046875 0.053125 0.196875
1 0.6359375 0.55859375 0.065625 0.2203125
1 0.690625 0.59140625 0.075 0.2296875
1 0.065625 0.515625 0.065625 0.215625
1 0.03125 0.5953125 0.0625 0.240625
2 0.30625 0.41171875 0.034375 0.1609375
1 0.4828125 0.41484375 0.065625 0.1609375
1 0.4953125 0.3890625 0.040625 0.196875
0 0.54765625 0.13046875 0.0234375 0.0390625
2 0.90859375 0.6171875 0.0546875 0.24375