1 0.878125 0.6890625 0.075 0.2375
1 0.5734375 0.43984375 0.0625 0.2046875
1 0.721875 0.590625 0.0875 0.24375
1 0.2453125 0.7671875 0.109375 0.271875
1 0.7375 0.4625 0.096875 0.225
1 0.39375 0.534375 0.075 0.2375
1 0.528125 0.340625 0.053125 0.196875
1 0.57578125 0.2796875 0.0484375 0.190625
1 0.309375 0.66328125 0.046875 0.2625
1 0.359375 0.5734375 0.084375 0.265625
2 0.4171875 0.82578125 0.065625 0.2484375
2 0.3109375 0.34296875 0.046875 0.1734375
2 0.91484375 0.3203125 0.0484375 0.203125
0 0.771875 0.46015625 0.015625 0.034375