1 0.1875 0.4875 0.053125 0.203125
1 0.35078125 0.39765625 0.0421875 0.1640625
1 0.46171875 0.6578125 0.0609375 0.290625
1 0.5453125 0.58046875 0.090625 0.2328125
1 0.47890625 0.4484375 0.0453125 0.15625
1 0.53046875 0.48125 0.0578125 0.1875
1 0.4328125 0.39921875 0.05625 0.1515625
1 0.4421875 0.43125 0.05 0.159375
1 0.71640625 0.57734375 0.0734375 0.2421875
1 0.84296875 0.67578125 0.06875 0.265625
2 0.8234375 0.46796875 0.04375 0.2171875
2 0.4046875 0.33828125 0.03125 0.159375
0 0.38828125 0.42421875 0.0234375 0.0265625
2 0.27578125 0.75859375 0.0984375 0.2765625