1 0.68515625 0.56484375 0.0921875 0.2578125
1 0.42109375 0.60078125 0.05625 0.2328125
1 0.3203125 0.71640625 0.065625 0.271875
1 0.3765625 0.3921875 0.040625 0.134375
1 0.76796875 0.696875 0.0453125 0.215625
1 0.35859375 0.51328125 0.0546875 0.196875
1 0.609375 0.47890625 0.04375 0.2203125
2 0.575 0.790625 0.046875 0.234375
2 0.10234375 0.37890625 0.0515625 0.178125
2 0.7125 0.34765625 0.046875 0.171875
0 0.3125 0.3921875 0.015625 0.0375
1 0.27421875 0.49765625 0.0875 0.184375
1 0.321875 0.3734375 0.040625 0.115625
1 0.628125 0.59765625 0.0515625 0.2375