1 0.084375 0.68515625 0.059375 0.2625
2 0.02265625 0.5890625 0.0453125 0.209375
1 0.4140625 0.36796875 0.040625 0.2078125
1 0.28203125 0.63359375 0.04375 0.2390625
1 0.4484375 0.4953125 0.0671875 0.2078125
1 0.54140625 0.553125 0.040625 0.2265625
1 0.60078125 0.403125 0.034375 0.1859375
1 0.67421875 0.5546875 0.05625 0.175
1 0.775 0.57734375 0.0546875 0.2140625
0 0.75234375 0.57265625 0.0265625 0.028125
2 0.76875 0.8453125 0.0625 0.240625
2 0.615625 0.27421875 0.0375 0.1625
2 0.7703125 0.3171875 0.04375 0.1796875
1 0.440625 0.25546875 0.040625 0.1625