1 0.6203125 0.45078125 0.08125 0.19375
1 0.91015625 0.571875 0.0796875 0.225
1 0.721875 0.52265625 0.075 0.215625
1 0.378125 0.56953125 0.06875 0.2203125
1 0.7984375 0.41953125 0.05 0.1859375
1 0.56328125 0.740625 0.0984375 0.3125
1 0.42578125 0.51484375 0.0484375 0.2171875
1 0.440625 0.453125 0.053125 0.2
1 0.503125 0.36484375 0.065625 0.1421875
0 0.534375 0.61015625 0.025 0.0390625
1 0.5625 0.7109375 0.125 0.271875
2 0.85 0.84921875 0.059375 0.2828125
1 0.71328125 0.36328125 0.053125 0.1703125