1 0.13359375 0.740625 0.0953125 0.3
1 0.28515625 0.62890625 0.0578125 0.2703125
1 0.3546875 0.84765625 0.05625 0.2640625
1 0.4265625 0.8875 0.0625 0.225
1 0.39296875 0.50546875 0.121875 0.2375
1 0.47578125 0.58359375 0.08125 0.246875
1 0.44140625 0.67421875 0.1 0.23125
1 0.515625 0.5796875 0.065625 0.2546875
0 0.44140625 0.55546875 0.0234375 0.025
1 0.6578125 0.50703125 0.0671875 0.2453125
1 0.59375 0.31484375 0.0640625 0.203125
2 0.3046875 0.3515625 0.05 0.2109375
1 0.84609375 0.52734375 0.0609375 0.2765625
1 0.9859375 0.365625 0.028125 0.2125