1 0.55625 0.653125 0.0609375 0.2578125
1 0.509375 0.521875 0.065625 0.215625
1 0.721875 0.78828125 0.0578125 0.284375
1 0.54921875 0.44375 0.0390625 0.171875
1 0.52421875 0.82890625 0.0703125 0.203125
2 0.42421875 0.77109375 0.0625 0.253125
2 0.13984375 0.6 0.05 0.221875
2 0.68671875 0.3796875 0.0359375 0.1671875
1 0.4171875 0.53203125 0.0515625 0.1921875
1 0.4125 0.47578125 0.0515625 0.1625
0 0.40078125 0.23359375 0.021875 0.0390625
1 0.46953125 0.51640625 0.0515625 0.1921875
1 0.7625 0.428125 0.04375 0.2