1 0.2828125 0.63203125 0.075 0.2359375
1 0.428125 0.53515625 0.059375 0.2046875
1 0.5140625 0.36875 0.059375 0.190625
1 0.7046875 0.57109375 0.0390625 0.21875
1 0.44765625 0.36171875 0.0328125 0.1765625
1 0.915625 0.69453125 0.05 0.21875
2 0.7078125 0.77734375 0.05 0.215625
2 0.1234375 0.359375 0.053125 0.18125
1 0.26875 0.3625 0.034375 0.159375
2 0.8125 0.3515625 0.0359375 0.1515625
1 0.375 0.44765625 0.0453125 0.1859375
1 0.38984375 0.4140625 0.025 0.128125
1 0.3953125 0.37421875 0.0421875 0.1328125