1 0.209375 0.49765625 0.0703125 0.2484375
1 0.184375 0.73125 0.1 0.309375
1 0.0484375 0.51953125 0.0859375 0.2734375
1 0.47109375 0.640625 0.0703125 0.3265625
1 0.57734375 0.4890625 0.0625 0.26875
1 0.67890625 0.5109375 0.065625 0.2609375
1 0.490625 0.40078125 0.05625 0.2359375
1 0.30625 0.48828125 0.053125 0.290625
1 0.75078125 0.521875 0.0703125 0.284375
1 0.365625 0.3546875 0.05625 0.21875
2 0.10078125 0.35859375 0.0453125 0.225
2 0.62421875 0.76875 0.075 0.2390625
0 0.70703125 0.22890625 0.0171875 0.0328125
2 0.7265625 0.35546875 0.04375 0.2125