1 0.8421875 0.734375 0.115625 0.2875
0 0.7015625 0.42890625 0.021875 0.040625
2 0.62890625 0.3203125 0.0546875 0.165625
1 0.6390625 0.52109375 0.103125 0.2390625
1 0.66171875 0.60546875 0.1265625 0.253125
2 0.52109375 0.8671875 0.0859375 0.25625
1 0.034375 0.7546875 0.06875 0.265625
2 0.03515625 0.38515625 0.0703125 0.2140625
1 0.22578125 0.3609375 0.0671875 0.209375
1 0.36015625 0.38203125 0.075 0.2125
1 0.3359375 0.53359375 0.0875 0.2421875
1 0.225 0.61328125 0.090625 0.2296875
1 0.6890625 0.55390625 0.109375 0.275
1 0.5109375 0.49453125 0.090625 0.2421875