1 0.2328125 0.7421875 0.084375 0.25
0 0.7359375 0.6109375 0.01875 0.0265625
1 0.753125 0.415625 0.0703125 0.165625
2 0.76953125 0.36484375 0.040625 0.1703125
2 0.45 0.846875 0.0734375 0.2109375
2 0.28671875 0.4453125 0.046875 0.159375
1 0.503125 0.340625 0.075 0.165625
1 0.49375 0.45234375 0.0640625 0.178125
1 0.646875 0.53984375 0.0890625 0.1828125
1 0.73984375 0.6078125 0.0828125 0.2140625
1 0.6609375 0.8046875 0.1140625 0.2484375
1 0.57890625 0.6046875 0.0796875 0.1796875
1 0.5078125 0.67578125 0.0828125 0.225
1 0.37421875 0.56640625 0.084375 0.2125