0 0.5546875 0.70546875 0.025 0.0375
2 0.64140625 0.84375 0.096875 0.234375
2 0.73125 0.353125 0.053125 0.1625
2 0.1234375 0.3 0.075 0.184375
1 0.2140625 0.4359375 0.0890625 0.240625
1 0.34140625 0.47265625 0.084375 0.2171875
1 0.5234375 0.6625 0.1109375 0.1859375
1 0.6234375 0.63046875 0.08125 0.2
1 0.64375 0.6390625 0.0671875 0.2578125
1 0.6171875 0.35390625 0.0609375 0.1796875
1 0.59453125 0.37109375 0.09375 0.1640625
1 0.54765625 0.3890625 0.0984375 0.1921875
1 0.58125 0.43125 0.0765625 0.190625