2 0.3234375 0.715625 0.084375 0.128125
0 0.79453125 0.20078125 0.028125 0.0421875
1 0.7765625 0.35859375 0.11875 0.3171875
1 0.6953125 0.4046875 0.11875 0.271875
1 0.46171875 0.35078125 0.1328125 0.2640625
1 0.66328125 0.1765625 0.1078125 0.2375
1 0.390625 0.3015625 0.146875 0.265625
2 0.36484375 0.13828125 0.078125 0.225
1 0.4078125 0.503125 0.109375 0.30625
1 0.71796875 0.48828125 0.1109375 0.2828125
1 0.54140625 0.4984375 0.134375 0.309375
1 0.79296875 0.60703125 0.096875 0.275
1 0.8078125 0.70625 0.171875 0.309375