2 0.42421875 0.90546875 0.1 0.1875
2 0.14453125 0.65078125 0.1046875 0.3078125
1 0.1234375 0.84765625 0.10625 0.25
1 0.37109375 0.63515625 0.103125 0.3640625
1 0.4859375 0.621875 0.0828125 0.334375
1 0.696875 0.45 0.103125 0.296875
1 0.68125 0.29453125 0.078125 0.2546875
1 0.62265625 0.43984375 0.0953125 0.296875
1 0.5703125 0.346875 0.065625 0.2875
1 0.47265625 0.4421875 0.103125 0.3234375
0 0.41171875 0.31796875 0.025 0.040625
1 0.3734375 0.50859375 0.0859375 0.2953125
1 0.41015625 0.5015625 0.0828125 0.3375