2 0.71484375 0.30546875 0.046875 0.1671875
1 0.42734375 0.59453125 0.1 0.1953125
2 0.6265625 0.71953125 0.0515625 0.16875
1 0.2625 0.40234375 0.0421875 0.1625
1 0.48125 0.61328125 0.0765625 0.21875
2 0.1015625 0.35703125 0.0421875 0.165625
1 0.55546875 0.31015625 0.0640625 0.175
1 0.5109375 0.27421875 0.0625 0.171875
1 0.42890625 0.27890625 0.05 0.15625
1 0.4875 0.36328125 0.0671875 0.175
1 0.44140625 0.43984375 0.078125 0.1578125
1 0.3890625 0.51015625 0.0734375 0.2046875
1 0.359375 0.5015625 0.0671875 0.2140625