2 0.1484375 0.30859375 0.109375 0.2234375
1 0.284375 0.39609375 0.159375 0.2671875
1 0.27890625 0.25078125 0.0921875 0.209375
1 0.34296875 0.4046875 0.1015625 0.253125
2 0.53984375 0.71796875 0.0921875 0.1484375
1 0.35546875 0.6125 0.1265625 0.240625
1 0.37109375 0.71171875 0.1171875 0.2296875
1 0.5125 0.26953125 0.171875 0.228125
1 0.62578125 0.39140625 0.1 0.2234375
2 0.76328125 0.12890625 0.0953125 0.2140625
1 0.834375 0.48046875 0.11875 0.271875
1 0.7015625 0.465625 0.121875 0.265625
0 0.7265625 0.2328125 0.021875 0.034375
1 0.746875 0.26484375 0.134375 0.2453125