2 0.4578125 0.7765625 0.0703125 0.1109375
2 0.80625 0.38515625 0.0859375 0.2671875
2 0.07109375 0.115625 0.0609375 0.23125
1 0.27109375 0.48046875 0.1625 0.271875
1 0.2484375 0.4546875 0.14375 0.2625
1 0.44921875 0.41015625 0.1140625 0.240625
1 0.5140625 0.36015625 0.165625 0.271875
1 0.5546875 0.18203125 0.0859375 0.2234375
1 0.54765625 0.275 0.0953125 0.240625
1 0.63828125 0.52109375 0.1078125 0.303125
1 0.55078125 0.5578125 0.11875 0.290625
1 0.43359375 0.71953125 0.096875 0.2109375
0 0.45703125 0.415625 0.028125 0.0359375