0 0.43671875 0.82421875 0.025 0.0390625
1 0.57265625 0.31484375 0.0546875 0.2046875
1 0.6203125 0.4609375 0.06875 0.2375
1 0.525 0.66015625 0.1 0.2609375
1 0.44765625 0.68125 0.0765625 0.30625
1 0.4046875 0.68125 0.078125 0.2375
1 0.37421875 0.78046875 0.14375 0.2421875
1 0.2640625 0.4859375 0.08125 0.23125
1 0.25390625 0.38515625 0.08125 0.2234375
1 0.40625 0.44609375 0.075 0.21875
1 0.18046875 0.42734375 0.0671875 0.2234375
2 0.35390625 0.90625 0.0765625 0.184375
2 0.365625 0.2984375 0.05625 0.203125