2 0.31484375 0.253125 0.0765625 0.2
0 0.690625 0.32734375 0.021875 0.0359375
2 0.84140625 0.6 0.1140625 0.23125
1 0.6515625 0.49375 0.09375 0.234375
1 0.68046875 0.678125 0.0765625 0.2625
1 0.60703125 0.71328125 0.0890625 0.2578125
1 0.35859375 0.696875 0.09375 0.26875
1 0.2859375 0.39453125 0.071875 0.2234375
1 0.18515625 0.60078125 0.090625 0.2578125
1 0.0359375 0.6671875 0.071875 0.28125
1 0.0171875 0.43203125 0.034375 0.2328125
2 0.0984375 0.84765625 0.065625 0.15
1 0.69609375 0.36171875 0.146875 0.2828125