2 0.35625 0.77578125 0.0578125 0.1265625
1 0.8078125 0.44765625 0.0703125 0.1703125
2 0.95859375 0.58046875 0.0703125 0.228125
0 0.61015625 0.22578125 0.0203125 0.028125
1 0.6765625 0.41640625 0.0875 0.203125
1 0.6328125 0.4234375 0.0859375 0.2765625
1 0.6875 0.57421875 0.1140625 0.2421875
1 0.60078125 0.4578125 0.0859375 0.2046875
1 0.55 0.47265625 0.0796875 0.1796875
1 0.53203125 0.63828125 0.096875 0.2234375
1 0.44375 0.32421875 0.0796875 0.1625
2 0.3421875 0.2859375 0.0703125 0.1953125
1 0.1921875 0.75234375 0.1140625 0.2640625
1 0.16796875 0.46953125 0.0828125 0.2015625