2 0.1765625 0.315625 0.078125 0.1984375
2 0.8453125 0.2 0.103125 0.225
1 0.93671875 0.5609375 0.1265625 0.2828125
1 0.8015625 0.4921875 0.1203125 0.2875
1 0.4296875 0.47109375 0.0890625 0.2140625
2 0.32421875 0.80703125 0.0859375 0.1921875
0 0.4265625 0.44765625 0.0234375 0.0390625
1 0.28125 0.559375 0.115625 0.2640625
1 0.35390625 0.42734375 0.13125 0.26875
1 0.39375 0.54453125 0.1078125 0.2640625
1 0.40234375 0.45234375 0.06875 0.19375
1 0.4546875 0.40078125 0.109375 0.2171875
1 0.49375 0.51875 0.1453125 0.26875