2 0.846875 0.8359375 0.084375 0.221875
2 0.0265625 0.64453125 0.053125 0.209375
1 0.08828125 0.70546875 0.0828125 0.2515625
1 0.2015625 0.6234375 0.075 0.215625
1 0.3265625 0.34296875 0.0578125 0.1546875
2 0.52734375 0.3203125 0.0484375 0.14375
1 0.3546875 0.4140625 0.0546875 0.1875
1 0.35390625 0.65703125 0.0734375 0.2109375
1 0.44609375 0.77734375 0.109375 0.2671875
1 0.74140625 0.3984375 0.0625 0.1609375
1 0.6265625 0.44609375 0.0625 0.1796875
1 0.7078125 0.55 0.075 0.1984375
0 0.8453125 0.603125 0.0203125 0.028125
1 0.86640625 0.57109375 0.084375 0.2015625