1 0.31484375 0.34453125 0.0640625 0.1328125
2 0.1296875 0.5578125 0.0828125 0.2
2 0.34140625 0.84609375 0.09375 0.221875
2 0.76484375 0.29453125 0.0578125 0.1546875
1 0.7203125 0.38515625 0.084375 0.18125
1 0.6484375 0.4890625 0.0984375 0.2015625
1 0.63203125 0.5109375 0.0765625 0.2
1 0.5015625 0.51953125 0.090625 0.2078125
1 0.64296875 0.67109375 0.1140625 0.21875
1 0.70625 0.66328125 0.1328125 0.2640625
0 0.73203125 0.575 0.0234375 0.034375
1 0.13046875 0.80546875 0.1015625 0.2296875
1 0.25703125 0.6984375 0.09375 0.2265625
1 0.31328125 0.45625 0.065625 0.184375