2 0.8625 0.40390625 0.09375 0.2234375
2 0.53359375 0.778125 0.0953125 0.1625
2 0.15703125 0.2015625 0.0859375 0.21875
0 0.2265625 0.33515625 0.03125 0.0421875
1 0.3609375 0.2453125 0.071875 0.190625
1 0.20078125 0.471875 0.1015625 0.29375
1 0.29375 0.5046875 0.11875 0.246875
1 0.35234375 0.515625 0.1015625 0.296875
1 0.40625 0.38046875 0.10625 0.2421875
1 0.55078125 0.33125 0.1015625 0.228125
1 0.69140625 0.29921875 0.0765625 0.1421875
1 0.67734375 0.43046875 0.11875 0.2546875
1 0.7890625 0.615625 0.134375 0.253125
1 0.728125 0.7984375 0.13125 0.240625