2 0.5203125 0.9328125 0.096875 0.134375
2 0.86484375 0.725 0.096875 0.340625
1 0.86015625 0.90390625 0.0984375 0.1921875
1 0.61796875 0.67734375 0.0890625 0.403125
1 0.4921875 0.64765625 0.0703125 0.371875
1 0.2859375 0.42890625 0.0953125 0.328125
1 0.3265625 0.25859375 0.06875 0.2828125
1 0.36796875 0.42734375 0.0859375 0.328125
1 0.440625 0.33125 0.053125 0.3203125
1 0.5328125 0.45 0.0921875 0.3578125
0 0.6203125 0.321875 0.025 0.04375
1 0.6328125 0.5375 0.075 0.328125
1 0.59453125 0.52421875 0.0671875 0.375