2 0.38359375 0.22734375 0.0875 0.2046875
0 0.75625 0.346875 0.0265625 0.0390625
2 0.87421875 0.6421875 0.11875 0.2359375
1 0.6953125 0.51171875 0.1 0.2375
1 0.70234375 0.70234375 0.096875 0.2703125
1 0.6234375 0.7296875 0.1046875 0.2625
1 0.371875 0.68359375 0.1171875 0.2765625
1 0.3359375 0.3671875 0.084375 0.2296875
1 0.2078125 0.565625 0.1046875 0.2640625
1 0.05078125 0.61328125 0.1015625 0.2921875
1 0.03828125 0.3703125 0.0765625 0.24375
2 0.08828125 0.80625 0.084375 0.159375
1 0.75703125 0.38359375 0.15 0.2890625