2 0.95859375 0.4546875 0.0828125 0.278125
2 0.39296875 0.7328125 0.078125 0.225
2 0.2328125 0.1640625 0.065625 0.221875
1 0.75234375 0.565625 0.1171875 0.3125
1 0.7171875 0.5234375 0.146875 0.284375
1 0.60546875 0.44609375 0.1078125 0.2609375
1 0.58203125 0.4265625 0.1015625 0.309375
1 0.37734375 0.16484375 0.0796875 0.2046875
1 0.39453125 0.3828125 0.1390625 0.228125
1 0.384375 0.55859375 0.125 0.2703125
1 0.27421875 0.49765625 0.0921875 0.2421875
1 0.2421875 0.52265625 0.13125 0.2796875
1 0.0390625 0.3046875 0.078125 0.2375