2 0.16796875 0.29765625 0.0890625 0.2265625
2 0.34765625 0.72109375 0.0953125 0.1859375
0 0.56796875 0.35390625 0.0265625 0.0421875
1 0.3484375 0.221875 0.075 0.221875
1 0.365625 0.3921875 0.09375 0.234375
1 0.28046875 0.5609375 0.1046875 0.25625
1 0.446875 0.5546875 0.125 0.290625
1 0.565625 0.47890625 0.1 0.2546875
1 0.5984375 0.5796875 0.128125 0.278125
1 0.640625 0.49453125 0.109375 0.2359375
1 0.721875 0.3453125 0.103125 0.234375
1 0.79296875 0.3609375 0.1234375 0.259375
1 0.84609375 0.584375 0.1109375 0.25
2 0.871875 0.2765625 0.09375 0.203125