2 0.678125 0.73515625 0.04375 0.121875
1 0.18671875 0.48671875 0.0515625 0.1640625
2 0.059375 0.64140625 0.0453125 0.221875
0 0.346875 0.2390625 0.0171875 0.0265625
1 0.3109375 0.434375 0.065625 0.1953125
1 0.3546875 0.43515625 0.0546875 0.2703125
1 0.3234375 0.590625 0.0875 0.23125
1 0.39140625 0.4625 0.0625 0.1984375
1 0.44296875 0.46875 0.059375 0.171875
1 0.48515625 0.628125 0.071875 0.2140625
1 0.52421875 0.30703125 0.0625 0.15625
2 0.61875 0.2546875 0.05 0.1890625
1 0.834375 0.68515625 0.084375 0.253125
1 0.81640625 0.4046875 0.0609375 0.19375