1 0.85546875 0.77109375 0.090625 0.284375
0 0.70859375 0.46328125 0.021875 0.040625
2 0.6359375 0.35390625 0.040625 0.1640625
1 0.6484375 0.5546875 0.0875 0.2359375
1 0.6734375 0.63984375 0.125 0.2546875
2 0.53671875 0.88515625 0.0734375 0.2296875
1 0.03984375 0.77734375 0.0578125 0.2640625
2 0.04140625 0.40859375 0.0484375 0.2125
1 0.23359375 0.3875 0.053125 0.2078125
1 0.3671875 0.41015625 0.0578125 0.209375
1 0.346875 0.56171875 0.084375 0.24375
1 0.23671875 0.6390625 0.0640625 0.2265625
1 0.7 0.5875 0.075 0.271875
1 0.5203125 0.52578125 0.0703125 0.2390625