1 0.87265625 0.7140625 0.0859375 0.2203125
1 0.6625 0.490625 0.0953125 0.228125
2 0.6359375 0.30390625 0.0453125 0.1765625
1 0.6 0.44453125 0.0828125 0.2390625
1 0.54609375 0.47578125 0.0625 0.2328125
1 0.50390625 0.51328125 0.065625 0.2171875
1 0.475 0.66484375 0.0890625 0.2265625
1 0.4421875 0.7609375 0.084375 0.2359375
2 0.65703125 0.790625 0.075 0.215625
1 0.25 0.434375 0.05625 0.2
1 0.20234375 0.4328125 0.078125 0.2171875
2 0.03828125 0.38515625 0.0765625 0.1828125
2 0.06640625 0.6484375 0.084375 0.2453125