0 0.4578125 0.6640625 0.028125 0.040625
2 0.37734375 0.79765625 0.1046875 0.2296875
2 0.2796875 0.32421875 0.06875 0.159375
2 0.86640625 0.26796875 0.0796875 0.1796875
1 0.78203125 0.40078125 0.0984375 0.2359375
1 0.65859375 0.4375 0.1109375 0.21875
1 0.48671875 0.62265625 0.1203125 0.1859375
1 0.3890625 0.59140625 0.10625 0.2015625
1 0.3703125 0.60078125 0.075 0.2484375
1 0.38984375 0.3234375 0.071875 0.175
1 0.41171875 0.340625 0.103125 0.165625
1 0.45703125 0.3578125 0.1046875 0.1875
1 0.4265625 0.39921875 0.0875 0.1875