0 0.1046875 0.5546875 0.0234375 0.0421875
1 0.090625 0.565625 0.084375 0.2375
2 0.08984375 0.51328125 0.05625 0.215625
1 0.3046875 0.58046875 0.059375 0.2546875
1 0.44765625 0.50234375 0.1296875 0.23125
1 0.48046875 0.396875 0.0671875 0.196875
1 0.746875 0.46484375 0.078125 0.209375
1 0.76796875 0.35703125 0.0578125 0.20625
1 0.7921875 0.4875 0.0734375 0.209375
1 0.553125 0.64296875 0.125 0.259375
1 0.5859375 0.6125 0.1015625 0.2703125
1 0.5546875 0.6421875 0.0875 0.290625
2 0.784375 0.34140625 0.0484375 0.1671875
2 0.63984375 0.74609375 0.0765625 0.2578125