0 0.60859375 0.6921875 0.0265625 0.040625
2 0.7296875 0.80703125 0.11875 0.2453125
2 0.69765625 0.30078125 0.0625 0.1671875
2 0.0828125 0.39765625 0.084375 0.1921875
1 0.20546875 0.50859375 0.1046875 0.25
1 0.34140625 0.5140625 0.0859375 0.221875
1 0.56796875 0.65703125 0.1265625 0.1984375
1 0.659375 0.6 0.090625 0.209375
1 0.68125 0.60390625 0.075 0.2640625
1 0.58515625 0.328125 0.059375 0.18125
1 0.56640625 0.35234375 0.1 0.1734375
1 0.525 0.3796875 0.11875 0.203125
1 0.56796875 0.41484375 0.075 0.1953125