2 0.678125 0.73515625 0.04375 0.121875
1 0.18671875 0.48671875 0.059375 0.165625
2 0.059375 0.64140625 0.059375 0.2234375
0 0.346875 0.2390625 0.01875 0.028125
1 0.3109375 0.434375 0.078125 0.2
1 0.3546875 0.43515625 0.084375 0.2734375
1 0.3234375 0.590625 0.103125 0.2375
1 0.39140625 0.4625 0.0796875 0.203125
1 0.44296875 0.46875 0.0703125 0.175
1 0.48515625 0.628125 0.0796875 0.215625
1 0.52421875 0.30703125 0.0640625 0.1578125
2 0.61875 0.2546875 0.05 0.190625
1 0.834375 0.68515625 0.0875 0.253125
1 0.81640625 0.4046875 0.075 0.196875