1 0.7765625 0.709375 0.1 0.25
0 0.2828125 0.5953125 0.015625 0.028125
1 0.26328125 0.40390625 0.0703125 0.1625
2 0.2484375 0.3546875 0.040625 0.165625
2 0.565625 0.8171875 0.075 0.209375
2 0.71953125 0.42109375 0.0515625 0.1578125
1 0.50703125 0.3234375 0.0734375 0.1625
1 0.5171875 0.4328125 0.071875 0.175
1 0.36953125 0.52265625 0.1046875 0.1859375
1 0.27890625 0.59140625 0.090625 0.2140625
1 0.359375 0.78203125 0.125 0.2484375
1 0.4359375 0.584375 0.084375 0.178125
1 0.50703125 0.6515625 0.0828125 0.221875
1 0.63671875 0.54140625 0.0796875 0.2078125