0 0.7609375 0.36953125 0.015625 0.03125
2 0.72734375 0.20078125 0.046875 0.1953125
1 0.49140625 0.20234375 0.046875 0.1953125
2 0.034375 0.58984375 0.0390625 0.221875
2 0.6234375 0.7046875 0.0640625 0.18125
1 0.81640625 0.3859375 0.090625 0.209375
1 0.44375 0.3125 0.0484375 0.196875
1 0.41328125 0.36328125 0.0578125 0.21875
1 0.453125 0.3890625 0.0796875 0.225
1 0.55 0.4828125 0.0609375 0.23125
1 0.6109375 0.49765625 0.0734375 0.228125
1 0.62578125 0.40234375 0.053125 0.221875
1 0.1859375 0.675 0.05 0.2203125
1 0.27578125 0.59296875 0.08125 0.2203125