2 0.28515625 0.28203125 0.084375 0.18125
1 0.54765625 0.61875 0.1328125 0.215625
2 0.325 0.725 0.084375 0.184375
1 0.74453125 0.4375 0.071875 0.171875
1 0.4890625 0.63046875 0.128125 0.2421875
2 0.91640625 0.41015625 0.0765625 0.1765625
1 0.4515625 0.30625 0.10625 0.19375
1 0.5015625 0.27421875 0.1 0.1890625
1 0.58671875 0.2890625 0.08125 0.16875
1 0.51484375 0.36953125 0.09375 0.1890625
1 0.55234375 0.4546875 0.1140625 0.178125
1 0.5984375 0.534375 0.11875 0.225
1 0.63125 0.5296875 0.1 0.228125