1 0.1203125 0.68359375 0.096875 0.2109375
1 0.3234375 0.48359375 0.115625 0.2203125
2 0.35625 0.31015625 0.05625 0.1640625
1 0.38359375 0.4421875 0.0859375 0.221875
1 0.43046875 0.471875 0.0828125 0.21875
1 0.46875 0.5078125 0.08125 0.20625
1 0.48828125 0.6484375 0.0984375 0.2125
1 0.5140625 0.73828125 0.1 0.225
2 0.31484375 0.76015625 0.0890625 0.2046875
1 0.70703125 0.44140625 0.0703125 0.1859375
1 0.7515625 0.440625 0.084375 0.203125
2 0.91015625 0.40234375 0.0984375 0.1734375
2 0.8671875 0.64453125 0.109375 0.234375