2 0.32578125 0.2 0.0453125 0.190625
1 0.0890625 0.56171875 0.0671875 0.2515625
2 0.57890625 0.7140625 0.0609375 0.171875
0 0.20234375 0.2859375 0.01875 0.0390625
1 0.83359375 0.66328125 0.0828125 0.23125
1 0.6296875 0.5328125 0.0578125 0.209375
1 0.5921875 0.365625 0.0453125 0.203125
1 0.5609375 0.396875 0.0390625 0.221875
1 0.35 0.321875 0.0578125 0.1796875
1 0.35703125 0.46640625 0.0703125 0.234375
1 0.39375 0.490625 0.084375 0.228125
1 0.259375 0.31875 0.0703125 0.209375
1 0.3109375 0.5140625 0.0453125 0.25625