2 0.1078125 0.796875 0.11875 0.234375
2 0.9609375 0.659375 0.078125 0.215625
1 0.8921875 0.71953125 0.121875 0.2625
1 0.7828125 0.628125 0.09375 0.21875
1 0.6796875 0.33203125 0.078125 0.1625
2 0.47734375 0.29609375 0.0609375 0.1453125
1 0.64453125 0.40390625 0.06875 0.1921875
1 0.62421875 0.6515625 0.1078125 0.221875
1 0.5203125 0.76640625 0.153125 0.2859375
1 0.25078125 0.3609375 0.09375 0.171875
1 0.365625 0.4171875 0.09375 0.190625
1 0.2734375 0.51640625 0.1125 0.2109375
0 0.12890625 0.5609375 0.0234375 0.028125
1 0.109375 0.5265625 0.10625 0.209375