0 0.41484375 0.21953125 0.0140625 0.025
1 0.42578125 0.30546875 0.0515625 0.171875
1 0.40546875 0.3578125 0.071875 0.190625
1 0.225 0.3703125 0.0515625 0.1546875
1 0.29375 0.6171875 0.0578125 0.2234375
1 0.2953125 0.75703125 0.09375 0.2859375
2 0.38515625 0.83515625 0.0796875 0.2578125
1 0.6125 0.73125 0.084375 0.2578125
1 0.54296875 0.584375 0.0609375 0.2421875
1 0.53984375 0.4640625 0.0828125 0.221875
1 0.6875 0.47265625 0.071875 0.2203125
1 0.66875 0.5296875 0.0671875 0.221875
1 0.85234375 0.52109375 0.06875 0.221875
2 0.9390625 0.3125 0.0671875 0.19375