1 0.440625 0.56328125 0.16875 0.2375
1 0.69296875 0.46953125 0.096875 0.203125
1 0.09375 0.53359375 0.13125 0.2234375
1 0.43046875 0.4546875 0.1 0.2125
1 0.5859375 0.4203125 0.128125 0.2375
1 0.6265625 0.6921875 0.1375 0.2125
2 0.58828125 0.8515625 0.178125 0.278125
1 0.20390625 0.31015625 0.0953125 0.2203125
1 0.61875 0.67421875 0.15 0.21875
1 0.71953125 0.375 0.059375 0.11875
1 0.5421875 0.30546875 0.10625 0.2140625
2 0.37578125 0.29296875 0.1125 0.2171875
0 0.60078125 0.684375 0.0296875 0.0375