2 0.46328125 0.93828125 0.0921875 0.1234375
2 0.1359375 0.71796875 0.090625 0.3328125
1 0.1328125 0.89765625 0.09375 0.1984375
1 0.3796875 0.68671875 0.08125 0.39375
1 0.503125 0.6640625 0.0640625 0.3609375
1 0.71484375 0.465625 0.0890625 0.3203125
1 0.68359375 0.296875 0.0640625 0.275
1 0.634375 0.45859375 0.08125 0.3203125
1 0.56796875 0.359375 0.046875 0.3109375
1 0.47265625 0.4703125 0.0859375 0.3484375
0 0.39453125 0.340625 0.0234375 0.0421875
1 0.37109375 0.5484375 0.06875 0.3203125
1 0.409375 0.53828125 0.0625 0.365625