2 0.1265625 0.82890625 0.103125 0.2234375
2 0.946875 0.6671875 0.06875 0.209375
1 0.878125 0.7234375 0.09375 0.25
1 0.76875 0.6390625 0.1 0.21875
1 0.65703125 0.359375 0.0640625 0.153125
2 0.46171875 0.33203125 0.059375 0.1421875
1 0.6265625 0.43046875 0.08125 0.1890625
1 0.61796875 0.66875 0.096875 0.2125
1 0.521875 0.7828125 0.121875 0.265625
1 0.246875 0.40390625 0.08125 0.1625
1 0.359375 0.45390625 0.078125 0.1796875
1 0.27421875 0.55234375 0.0890625 0.1984375
0 0.13671875 0.60078125 0.0203125 0.028125
1 0.1171875 0.56796875 0.109375 0.2046875