0 0.5515625 0.21875 0.0140625 0.025
1 0.55234375 0.3078125 0.040625 0.175
1 0.57890625 0.359375 0.0609375 0.19375
1 0.76640625 0.34765625 0.0421875 0.1578125
1 0.728125 0.61015625 0.04375 0.2296875
1 0.74453125 0.75390625 0.0765625 0.29375
2 0.6640625 0.84609375 0.0640625 0.2625
1 0.41796875 0.76953125 0.06875 0.265625
1 0.46953125 0.61015625 0.0453125 0.2484375
1 0.45625 0.4859375 0.0703125 0.2265625
1 0.30546875 0.51484375 0.059375 0.225
1 0.33359375 0.5703125 0.0546875 0.2265625
1 0.14375 0.58515625 0.05625 0.2265625
2 0.028125 0.3828125 0.0546875 0.196875