1 0.8375 0.828125 0.1140625 0.2984375
0 0.74609375 0.48828125 0.0265625 0.04375
2 0.6921875 0.36328125 0.0546875 0.171875
1 0.6671875 0.57109375 0.1078125 0.246875
1 0.67578125 0.6625 0.146875 0.271875
2 0.48828125 0.884375 0.0921875 0.23125
1 0.01875 0.69140625 0.0375 0.2765625
2 0.0734375 0.315625 0.0640625 0.221875
1 0.2734375 0.32734375 0.0703125 0.2171875
1 0.40625 0.375 0.075 0.2203125
1 0.35546875 0.52578125 0.1046875 0.25625
1 0.228125 0.5859375 0.08125 0.2375
1 0.7125 0.6140625 0.096875 0.2828125
1 0.540625 0.51875 0.0890625 0.2484375