0 0.04140625 0.53671875 0.0203125 0.04375
1 0.03359375 0.5484375 0.0671875 0.25
2 0.0234375 0.49296875 0.046875 0.2265625
1 0.2546875 0.54375 0.065625 0.26875
1 0.39921875 0.446875 0.125 0.240625
1 0.42578125 0.3328125 0.075 0.20625
1 0.71328125 0.378125 0.0765625 0.221875
1 0.72578125 0.26171875 0.06875 0.2171875
1 0.7609375 0.396875 0.071875 0.221875
1 0.521875 0.58515625 0.140625 0.2765625
1 0.553125 0.54921875 0.115625 0.2859375
1 0.52421875 0.58359375 0.0890625 0.3078125
2 0.74140625 0.24296875 0.0484375 0.1765625
2 0.621875 0.68515625 0.0875 0.2734375