2 0.2921875 0.7171875 0.071875 0.115625
2 0.93828125 0.659375 0.0875 0.265625
0 0.75625 0.2484375 0.025 0.0390625
1 0.73203125 0.39765625 0.11875 0.2984375
1 0.6546875 0.43828125 0.090625 0.25
1 0.4359375 0.3796875 0.1046875 0.2390625
1 0.634375 0.22265625 0.0921875 0.21875
1 0.37265625 0.33125 0.13125 0.2484375
2 0.35703125 0.1765625 0.08125 0.2125
1 0.3796875 0.52109375 0.103125 0.2875
1 0.671875 0.5171875 0.0875 0.2609375
1 0.50546875 0.52109375 0.1234375 0.2890625
1 0.73671875 0.63046875 0.0890625 0.2546875
1 0.7484375 0.725 0.146875 0.284375