0 0.603125 0.7828125 0.028125 0.0390625
1 0.39765625 0.32734375 0.0703125 0.2
1 0.37578125 0.471875 0.078125 0.228125
1 0.49453125 0.64296875 0.1125 0.2546875
1 0.5703125 0.65 0.109375 0.2953125
1 0.61015625 0.64296875 0.08125 0.2265625
1 0.65390625 0.73125 0.15625 0.2421875
1 0.71171875 0.4375 0.0765625 0.221875
1 0.7046875 0.34140625 0.090625 0.215625
1 0.57265625 0.4234375 0.0796875 0.209375
1 0.78125 0.3703125 0.08125 0.215625
2 0.6953125 0.87109375 0.09375 0.2296875
2 0.5890625 0.27890625 0.065625 0.19375