2 0.475 0.91171875 0.10625 0.1765625
2 0.165625 0.69140625 0.0875 0.3078125
1 0.16640625 0.88203125 0.0921875 0.2359375
1 0.38984375 0.653125 0.078125 0.3625
1 0.50546875 0.628125 0.0828125 0.3375
1 0.6953125 0.434375 0.084375 0.296875
1 0.6625 0.27890625 0.0875 0.2578125
1 0.62109375 0.43203125 0.0984375 0.3015625
1 0.55625 0.34296875 0.05 0.2890625
1 0.47109375 0.44921875 0.090625 0.3265625
0 0.39375 0.3296875 0.025 0.040625
1 0.37890625 0.52578125 0.0953125 0.3
1 0.4140625 0.5140625 0.0875 0.340625