1 0.07265625 0.77578125 0.1109375 0.2984375
0 0.24375 0.46328125 0.0265625 0.04375
2 0.32734375 0.3546875 0.0515625 0.1734375
1 0.3015625 0.5640625 0.1046875 0.2484375
1 0.2703125 0.65 0.1453125 0.2703125
2 0.40078125 0.8953125 0.084375 0.2
1 0.9296875 0.83828125 0.0875 0.2796875
2 0.94375 0.45078125 0.0640625 0.2234375
1 0.7453125 0.4171875 0.06875 0.21875
1 0.60390625 0.43125 0.0734375 0.221875
1 0.61640625 0.59140625 0.103125 0.25625
1 0.7265625 0.68046875 0.0796875 0.2390625
1 0.24609375 0.5953125 0.09375 0.284375
1 0.4375 0.5421875 0.0875 0.25