2 0.55390625 0.85 0.0828125 0.3
2 0.715625 0.3140625 0.071875 0.21875
0 0.48203125 0.3171875 0.0171875 0.034375
2 0.059375 0.25859375 0.06875 0.2265625
1 0.05390625 0.565625 0.090625 0.2953125
1 0.1671875 0.51640625 0.096875 0.278125
1 0.271875 0.51171875 0.0765625 0.278125
1 0.3390625 0.45859375 0.0765625 0.2703125
1 0.46328125 0.271875 0.0640625 0.2859375
1 0.47734375 0.29765625 0.0484375 0.1484375
1 0.4515625 0.27265625 0.0984375 0.3421875
1 0.3921875 0.55546875 0.1015625 0.296875
1 0.53046875 0.534375 0.1546875 0.278125
1 0.8375 0.81328125 0.1234375 0.3203125