2 0.496875 0.93828125 0.103125 0.1234375
2 0.1640625 0.7421875 0.109375 0.334375
1 0.1671875 0.90859375 0.10625 0.1828125
1 0.403125 0.696875 0.109375 0.39375
1 0.525 0.66875 0.0875 0.3625
1 0.72578125 0.4578125 0.1109375 0.321875
1 0.68671875 0.29296875 0.096875 0.2765625
1 0.64609375 0.45625 0.1171875 0.321875
1 0.575 0.3625 0.0625 0.309375
1 0.4859375 0.478125 0.11875 0.35
0 0.40078125 0.3515625 0.0265625 0.040625
1 0.3890625 0.5609375 0.109375 0.321875
1 0.42578125 0.5484375 0.1078125 0.365625