2 0.703125 0.81796875 0.146875 0.3078125
2 0.12890625 0.40859375 0.096875 0.221875
0 0.53984375 0.296875 0.0203125 0.03125
1 0.75859375 0.75546875 0.11875 0.2453125
1 0.725 0.57890625 0.10625 0.2015625
1 0.61875 0.48515625 0.15 0.2859375
1 0.55625 0.3578125 0.096875 0.190625
1 0.49921875 0.29140625 0.1015625 0.2171875
1 0.31953125 0.67265625 0.14375 0.3484375
1 0.16640625 0.46328125 0.0953125 0.2328125
1 0.3546875 0.51171875 0.103125 0.2546875
1 0.4375 0.46015625 0.125 0.2453125
1 0.47265625 0.59609375 0.1015625 0.275