2 0.48203125 0.80703125 0.0546875 0.1015625
2 0.1953125 0.38125 0.046875 0.2578125
2 0.96171875 0.2171875 0.0640625 0.234375
1 0.7015625 0.5453125 0.1234375 0.253125
1 0.72578125 0.52421875 0.10625 0.246875
1 0.53828125 0.45390625 0.0796875 0.228125
1 0.48203125 0.396875 0.1265625 0.253125
1 0.465625 0.21875 0.053125 0.2140625
1 0.46015625 0.31015625 0.0625 0.2296875
1 0.33984375 0.534375 0.0640625 0.2921875
1 0.4203125 0.5828125 0.078125 0.278125
1 0.5125 0.7546875 0.0671875 0.2
0 0.53046875 0.45859375 0.0234375 0.03125