2 0.80625 0.22265625 0.065625 0.1796875
1 0.93125 0.41875 0.065625 0.203125
1 0.57578125 0.425 0.08125 0.2078125
1 0.41875 0.24375 0.053125 0.1515625
1 0.278125 0.553125 0.0890625 0.2046875
2 0.40078125 0.7375 0.0640625 0.184375
1 0.134375 0.67734375 0.090625 0.2125
0 0.3109375 0.28671875 0.0171875 0.028125
1 0.3578125 0.4265625 0.090625 0.1859375
1 0.3703125 0.45546875 0.0734375 0.1859375
1 0.365625 0.3921875 0.0734375 0.2015625
1 0.346875 0.31875 0.0390625 0.090625
1 0.3234375 0.346875 0.0640625 0.2
2 0.259375 0.30859375 0.0578125 0.16875