2 0.6609375 0.84609375 0.1046875 0.2625
1 0.7328125 0.75 0.1234375 0.2921875
1 0.0453125 0.7734375 0.0546875 0.1796875
2 0.01015625 0.4140625 0.0203125 0.196875
2 0.609375 0.2796875 0.0640625 0.18125
0 0.5609375 0.2796875 0.021875 0.0328125
1 0.5984375 0.41875 0.0765625 0.23125
1 0.58671875 0.4375 0.09375 0.271875
1 0.5640625 0.65625 0.1265625 0.290625
1 0.521875 0.49453125 0.0765625 0.246875
1 0.49453125 0.44375 0.1046875 0.25625
1 0.4546875 0.50390625 0.1109375 0.2015625
1 0.3609375 0.3 0.0890625 0.225
1 0.3953125 0.55078125 0.1046875 0.25