2 0.61171875 0.909375 0.1046875 0.171875
0 0.13203125 0.4765625 0.0296875 0.040625
1 0.071875 0.6296875 0.13125 0.28125
2 0.13046875 0.33125 0.0890625 0.19375
1 0.24453125 0.39609375 0.1109375 0.2484375
1 0.30859375 0.44375 0.1171875 0.23125
1 0.484375 0.34921875 0.125 0.1984375
1 0.56953125 0.403125 0.109375 0.23125
1 0.63828125 0.65 0.1296875 0.30625
1 0.61015625 0.5859375 0.1109375 0.25625
1 0.48671875 0.5984375 0.1078125 0.275
1 0.31875 0.7375 0.196875 0.309375
1 0.77109375 0.69765625 0.1015625 0.2640625
2 0.80078125 0.46328125 0.096875 0.2234375