0 0.59453125 0.78671875 0.0265625 0.040625
1 0.40390625 0.32109375 0.065625 0.1984375
1 0.37578125 0.4671875 0.071875 0.228125
1 0.49140625 0.64375 0.10625 0.253125
1 0.5671875 0.65234375 0.1 0.2953125
1 0.60703125 0.646875 0.075 0.2265625
1 0.6484375 0.73671875 0.15 0.240625
1 0.7171875 0.44140625 0.06875 0.221875
1 0.71328125 0.3453125 0.084375 0.215625
1 0.57734375 0.4234375 0.0734375 0.209375
1 0.7890625 0.37578125 0.075 0.215625
2 0.6859375 0.87578125 0.0875 0.221875
2 0.5984375 0.278125 0.059375 0.1953125