1 0.875 0.66484375 0.1171875 0.271875
0 0.31796875 0.69921875 0.021875 0.0296875
1 0.23515625 0.50390625 0.0921875 0.18125
2 0.20234375 0.45703125 0.0625 0.184375
2 0.68828125 0.84453125 0.1 0.2296875
2 0.7203125 0.3765625 0.0671875 0.171875
1 0.465625 0.3421875 0.096875 0.1828125
1 0.51171875 0.45390625 0.0875 0.1953125
1 0.38515625 0.59609375 0.115625 0.2015625
1 0.31328125 0.696875 0.1109375 0.234375
1 0.459375 0.86796875 0.1484375 0.2640625
1 0.47578125 0.6390625 0.1046875 0.196875
1 0.571875 0.68828125 0.1125 0.24375
1 0.67265625 0.53125 0.1125 0.2328125