0 0.375 0.21953125 0.01875 0.0265625
1 0.39609375 0.30703125 0.0890625 0.1859375
1 0.38125 0.36328125 0.115625 0.2078125
1 0.19375 0.39453125 0.0875 0.1671875
1 0.29296875 0.64296875 0.0859375 0.2328125
1 0.31015625 0.7875 0.153125 0.309375
2 0.41171875 0.86015625 0.1296875 0.2765625
1 0.6359375 0.7296875 0.1375 0.278125
1 0.54765625 0.584375 0.1078125 0.25625
1 0.53203125 0.459375 0.1265625 0.240625
1 0.68671875 0.453125 0.1109375 0.234375
1 0.67265625 0.51484375 0.1203125 0.240625
1 0.8625 0.4859375 0.1125 0.240625
2 0.92890625 0.26171875 0.1078125 0.209375