1 0.35234375 0.3328125 0.05625 0.13125
2 0.134375 0.51328125 0.06875 0.1984375
2 0.29453125 0.82890625 0.0640625 0.21875
2 0.80234375 0.353125 0.0453125 0.15625
1 0.74296875 0.4359375 0.0765625 0.18125
1 0.65625 0.52578125 0.0875 0.2
1 0.63515625 0.5453125 0.046875 0.196875
1 0.50703125 0.53359375 0.0625 0.2046875
1 0.6203125 0.70390625 0.090625 0.2140625
1 0.68359375 0.70625 0.1171875 0.2625
0 0.7234375 0.62421875 0.01875 0.0328125
1 0.09453125 0.75703125 0.0765625 0.2265625
1 0.23671875 0.671875 0.0796875 0.225
1 0.33125 0.44296875 0.04375 0.1828125