2 0.7171875 0.1546875 0.065625 0.20625
1 0.95703125 0.54375 0.0859375 0.271875
2 0.4390625 0.69375 0.071875 0.1875
0 0.84765625 0.2484375 0.0203125 0.040625
1 0.16953125 0.634375 0.0953125 0.25
1 0.38828125 0.5 0.0859375 0.228125
1 0.43046875 0.3234375 0.0640625 0.21875
1 0.4640625 0.3578125 0.05625 0.2375
1 0.6890625 0.2828125 0.090625 0.196875
1 0.6796875 0.43671875 0.096875 0.2546875
1 0.6390625 0.4609375 0.096875 0.246875
1 0.7859375 0.28125 0.090625 0.228125
1 0.72734375 0.48828125 0.053125 0.2734375