0 0.13828125 0.584375 0.0234375 0.04375
1 0.12578125 0.596875 0.0890625 0.23125
2 0.11875 0.546875 0.059375 0.209375
1 0.3328125 0.58515625 0.05 0.2453125
1 0.46171875 0.49140625 0.1171875 0.2203125
1 0.48046875 0.3859375 0.0671875 0.190625
1 0.7453125 0.41875 0.071875 0.203125
1 0.7515625 0.3109375 0.05625 0.196875
1 0.78984375 0.43515625 0.0703125 0.2015625
1 0.5796875 0.6140625 0.121875 0.253125
1 0.60625 0.58125 0.10625 0.2625
1 0.58203125 0.6125 0.0796875 0.28125
2 0.765625 0.29453125 0.03125 0.1609375
2 0.675 0.70234375 0.05625 0.2484375