0 0.46328125 0.80859375 0.0265625 0.040625
1 0.540625 0.30390625 0.065625 0.203125
1 0.603125 0.44140625 0.071875 0.234375
1 0.53125 0.6421875 0.10625 0.2578125
1 0.45859375 0.66953125 0.1015625 0.3015625
1 0.4171875 0.67265625 0.075 0.23125
1 0.3984375 0.771875 0.1515625 0.24375
1 0.25859375 0.496875 0.0703125 0.2265625
1 0.23984375 0.4 0.0859375 0.2203125
1 0.39296875 0.4453125 0.0734375 0.2140625
1 0.17265625 0.44765625 0.075 0.2203125
2 0.39375 0.90078125 0.084375 0.190625
2 0.33828125 0.30703125 0.059375 0.1984375