0 0.7984375 0.3953125 0.0234375 0.0359375
2 0.80234375 0.2078125 0.0875 0.2171875
1 0.55234375 0.15234375 0.0875 0.21875
2 0.57578125 0.71640625 0.1046875 0.20625
1 0.853125 0.42578125 0.1359375 0.240625
1 0.47578125 0.25703125 0.0890625 0.2203125
1 0.43203125 0.30234375 0.103125 0.24375
1 0.46875 0.33984375 0.128125 0.2546875
1 0.54921875 0.46328125 0.109375 0.2578125
1 0.609375 0.49296875 0.121875 0.25625
1 0.64765625 0.396875 0.1 0.246875
1 0.11953125 0.57734375 0.096875 0.2453125
1 0.23359375 0.5125 0.128125 0.25