0 0.625 0.1671875 0.0234375 0.0359375
1 0.64375 0.34609375 0.10625 0.2875
1 0.60625 0.3421875 0.084375 0.3640625
1 0.67109375 0.515625 0.078125 0.246875
2 0.09296875 0.16484375 0.059375 0.2234375
2 0.78359375 0.48203125 0.0640625 0.246875
2 0.425 0.75 0.0703125 0.1203125
1 0.20390625 0.63515625 0.10625 0.2984375
1 0.3609375 0.23359375 0.0796875 0.21875
1 0.36875 0.4109375 0.0765625 0.265625
1 0.36171875 0.5921875 0.0859375 0.303125
1 0.5171875 0.42265625 0.084375 0.2390625
1 0.5546875 0.44921875 0.0890625 0.259375