1 0.7796875 0.68125 0.059375 0.253125
0 0.25234375 0.60078125 0.015625 0.0265625
1 0.215625 0.40234375 0.0546875 0.165625
2 0.19453125 0.3515625 0.0234375 0.175
2 0.56796875 0.81015625 0.0515625 0.2125
2 0.69375 0.3828125 0.03125 0.1625
1 0.46328125 0.29765625 0.059375 0.165625
1 0.48359375 0.41171875 0.046875 0.1796875
1 0.33671875 0.5171875 0.0734375 0.18125
1 0.2484375 0.596875 0.0609375 0.215625
1 0.35 0.790625 0.090625 0.246875
1 0.4125 0.5765625 0.0640625 0.1796875
1 0.4921875 0.6421875 0.0609375 0.225
1 0.61796875 0.51640625 0.0625 0.2125