2 0.25234375 0.35859375 0.065625 0.1671875
1 0.60390625 0.5515625 0.121875 0.203125
2 0.44765625 0.7265625 0.0703125 0.1703125
1 0.709375 0.321875 0.0609375 0.1609375
1 0.55625 0.58515625 0.103125 0.221875
2 0.85 0.23359375 0.0625 0.1640625
1 0.40546875 0.31796875 0.0859375 0.1796875
1 0.4390625 0.27109375 0.0828125 0.175
1 0.5171875 0.25234375 0.0671875 0.159375
1 0.484375 0.34921875 0.0859375 0.1796875
1 0.5484375 0.40859375 0.0953125 0.1640625
1 0.6171875 0.4609375 0.0984375 0.2078125
1 0.64375 0.44375 0.09375 0.2171875