0 0.17421875 0.31328125 0.01875 0.0328125
2 0.2140625 0.13203125 0.05625 0.2109375
1 0.46796875 0.13671875 0.0546875 0.2109375
2 0.95 0.559375 0.0484375 0.240625
2 0.3140625 0.6765625 0.0734375 0.1953125
1 0.11484375 0.33125 0.1015625 0.2265625
1 0.51640625 0.25625 0.05625 0.2125
1 0.5484375 0.3109375 0.0671875 0.2359375
1 0.5046875 0.33828125 0.090625 0.24375
1 0.39921875 0.43828125 0.071875 0.25
1 0.3328125 0.453125 0.084375 0.246875
1 0.31953125 0.35078125 0.0625 0.2390625
1 0.7859375 0.64921875 0.059375 0.2390625
1 0.690625 0.56015625 0.09375 0.2375