0 0.5921875 0.68671875 0.028125 0.0390625
2 0.71484375 0.7953125 0.11875 0.24375
2 0.6609375 0.296875 0.071875 0.165625
2 0.05859375 0.41640625 0.1015625 0.1921875
1 0.18515625 0.521875 0.1234375 0.25
1 0.31953125 0.521875 0.09375 0.21875
1 0.54921875 0.653125 0.1359375 0.2
1 0.63671875 0.59453125 0.09375 0.203125
1 0.65859375 0.596875 0.1 0.2625
1 0.55078125 0.3296875 0.0796875 0.184375
1 0.534375 0.35234375 0.109375 0.1734375
1 0.49375 0.3828125 0.109375 0.196875
1 0.5375 0.41484375 0.084375 0.1921875