0 0.1046875 0.5546875 0.021875 0.040625
1 0.090625 0.565625 0.109375 0.24375
2 0.08984375 0.51328125 0.05625 0.215625
1 0.3046875 0.58046875 0.0875 0.2578125
1 0.44765625 0.50234375 0.1515625 0.2421875
1 0.48046875 0.396875 0.0859375 0.2
1 0.746875 0.46484375 0.09375 0.2140625
1 0.76796875 0.35703125 0.08125 0.2109375
1 0.7921875 0.4875 0.0875 0.2125
1 0.553125 0.64296875 0.153125 0.2703125
1 0.5859375 0.6125 0.11875 0.275
1 0.5546875 0.6421875 0.121875 0.296875
2 0.784375 0.34140625 0.0625 0.1703125
2 0.63984375 0.74609375 0.1 0.2625