2 0.4546875 0.7484375 0.0578125 0.096875
2 0.24453125 0.325 0.0609375 0.2390625
2 0.96640625 0.26640625 0.0671875 0.2203125
1 0.6890625 0.53515625 0.13125 0.2390625
1 0.7140625 0.51796875 0.115625 0.23125
1 0.54921875 0.4328125 0.090625 0.2125
1 0.50546875 0.37421875 0.134375 0.2390625
1 0.5125 0.20859375 0.0640625 0.2
1 0.49609375 0.29140625 0.071875 0.2140625
1 0.35859375 0.4828125 0.0796875 0.271875
1 0.4265625 0.5359375 0.090625 0.2578125
1 0.48984375 0.7046875 0.075 0.1859375
0 0.5421875 0.43515625 0.0234375 0.03125