1 0.04375 0.59375 0.05625 0.159375
1 0.13046875 0.57421875 0.0703125 0.203125
2 0.35625 0.69140625 0.0625 0.1640625
2 0.1625 0.34140625 0.05 0.1421875
1 0.3078125 0.31953125 0.040625 0.1234375
1 0.33671875 0.365625 0.0484375 0.125
1 0.57734375 0.321875 0.0421875 0.153125
1 0.58671875 0.30390625 0.0484375 0.1328125
1 0.60078125 0.3984375 0.06875 0.16875
1 0.63515625 0.346875 0.0375 0.18125
0 0.65 0.26796875 0.0125 0.021875
1 0.7734375 0.40703125 0.05625 0.1265625
1 0.82734375 0.43671875 0.0671875 0.125
2 0.78984375 0.3125 0.04375 0.14375