2 0.6609375 0.84609375 0.128125 0.2703125
1 0.7328125 0.75 0.134375 0.296875
1 0.0453125 0.7734375 0.059375 0.18125
2 0.01171875 0.4140625 0.0234375 0.196875
2 0.609375 0.2796875 0.084375 0.184375
0 0.5609375 0.2796875 0.021875 0.034375
1 0.5984375 0.41875 0.08125 0.23125
1 0.58671875 0.4375 0.109375 0.275
1 0.5640625 0.65625 0.153125 0.3
1 0.521875 0.49453125 0.0875 0.25
1 0.49453125 0.44375 0.1203125 0.2625
1 0.4546875 0.50390625 0.11875 0.2046875
1 0.3609375 0.3 0.115625 0.23125
1 0.3953125 0.55078125 0.128125 0.2578125