0 0.7921875 0.375 0.021875 0.03125
2 0.75 0.1921875 0.06875 0.215625
1 0.49375 0.196875 0.06875 0.215625
2 0.02109375 0.62109375 0.0421875 0.2390625
2 0.65078125 0.7421875 0.0921875 0.203125
1 0.8515625 0.3921875 0.128125 0.2375
1 0.44453125 0.31640625 0.0734375 0.21875
1 0.4125 0.371875 0.09375 0.240625
1 0.45625 0.4 0.09375 0.24375
1 0.56484375 0.50078125 0.0921875 0.2546875
1 0.63125 0.515625 0.1125 0.25625
1 0.64453125 0.4125 0.0796875 0.246875
1 0.171875 0.71328125 0.0625 0.2421875
1 0.26875 0.6234375 0.121875 0.246875