2 0.76875 0.45390625 0.0734375 0.196875
2 0.3609375 0.2671875 0.06875 0.159375
2 0.246875 0.79609375 0.0765625 0.14375
0 0.2984375 0.43984375 0.0203125 0.03125
1 0.31875 0.440625 0.1140625 0.184375
1 0.359375 0.4109375 0.1078125 0.2421875
1 0.34375 0.359375 0.0640625 0.1796875
1 0.27421875 0.3234375 0.065625 0.1765625
1 0.17109375 0.64375 0.1109375 0.25
1 0.3390625 0.559375 0.084375 0.225
1 0.5765625 0.4859375 0.1078125 0.2171875
1 0.653125 0.5890625 0.0890625 0.2203125
1 0.7125 0.56640625 0.078125 0.23125
1 0.8390625 0.78828125 0.109375 0.253125