0 0.2421875 0.38125 0.0203125 0.034375
2 0.29921875 0.20234375 0.075 0.215625
1 0.5546875 0.2296875 0.0734375 0.2171875
2 0.35078125 0.75859375 0.090625 0.203125
1 0.18125 0.39296875 0.1234375 0.2359375
1 0.59296875 0.353125 0.075 0.21875
1 0.6203125 0.4109375 0.0890625 0.240625
1 0.57421875 0.434375 0.1125 0.2515625
1 0.45859375 0.52578125 0.09375 0.25625
1 0.390625 0.53515625 0.10625 0.253125
1 0.3859375 0.43125 0.084375 0.2453125
1 0.8296875 0.77265625 0.08125 0.24375
1 0.74140625 0.67421875 0.1140625 0.2453125