2 0.25234375 0.3875 0.065625 0.19375
2 0.68359375 0.30234375 0.065625 0.1546875
2 0.68046875 0.83671875 0.0609375 0.1359375
0 0.70625 0.48359375 0.01875 0.0296875
1 0.6875 0.478125 0.109375 0.18125
1 0.653125 0.44140625 0.090625 0.2328125
1 0.6796875 0.3953125 0.05 0.178125
1 0.75390625 0.3765625 0.0453125 0.171875
1 0.78515625 0.70859375 0.1109375 0.246875
1 0.6421875 0.5875 0.078125 0.221875
1 0.4296875 0.46171875 0.096875 0.2109375
1 0.33515625 0.54296875 0.075 0.2140625
1 0.28359375 0.50703125 0.0734375 0.2265625
1 0.11484375 0.6921875 0.0828125 0.24375