0 0.51953125 0.140625 0.0296875 0.040625
1 0.58515625 0.3125 0.1421875 0.30625
1 0.546875 0.31796875 0.153125 0.3796875
1 0.65703125 0.47421875 0.0984375 0.2546875
2 0.02265625 0.265625 0.0453125 0.228125
2 0.75859375 0.4125 0.1046875 0.25625
2 0.4765625 0.7640625 0.08125 0.128125
1 0.228125 0.703125 0.140625 0.315625
1 0.278125 0.26953125 0.11875 0.234375
1 0.33125 0.44296875 0.10625 0.2765625
1 0.3734375 0.6234375 0.14375 0.31875
1 0.48046875 0.41875 0.1265625 0.25625
1 0.525 0.4359375 0.10625 0.265625