2 0.43828125 0.75625 0.0703125 0.109375
2 0.1921875 0.29375 0.059375 0.2625
2 0.9734375 0.20546875 0.053125 0.2453125
1 0.68984375 0.51328125 0.1515625 0.2703125
1 0.7171875 0.49296875 0.125 0.2578125
1 0.5328125 0.40390625 0.103125 0.2390625
1 0.48203125 0.33984375 0.15 0.2671875
1 0.484375 0.15703125 0.065625 0.2203125
1 0.46953125 0.24765625 0.0734375 0.2359375
1 0.32265625 0.46484375 0.0796875 0.3
1 0.4 0.521875 0.090625 0.284375
1 0.475 0.70625 0.096875 0.2125
0 0.525 0.40703125 0.025 0.0328125