2 0.24765625 0.26015625 0.0765625 0.203125
2 0.9390625 0.30390625 0.096875 0.228125
1 0.934375 0.68046875 0.13125 0.2859375
1 0.81953125 0.58125 0.1078125 0.29375
1 0.45703125 0.47265625 0.0890625 0.2203125
2 0.265625 0.7796875 0.09375 0.2
0 0.4609375 0.44921875 0.021875 0.0390625
1 0.28828125 0.52578125 0.1125 0.2703125
1 0.39453125 0.4109375 0.1265625 0.271875
1 0.40234375 0.5375 0.1109375 0.271875
1 0.4359375 0.44765625 0.059375 0.1984375
1 0.50078125 0.409375 0.1078125 0.221875
1 0.50859375 0.53359375 0.140625 0.271875