2 0.4671875 0.78984375 0.059375 0.1015625
2 0.77109375 0.40234375 0.0640625 0.2515625
2 0.0484375 0.18046875 0.0578125 0.228125
1 0.27109375 0.51953125 0.1390625 0.2515625
1 0.24921875 0.49609375 0.1203125 0.24375
1 0.434375 0.44453125 0.09375 0.2234375
1 0.4921875 0.39453125 0.1421875 0.2515625
1 0.5203125 0.2234375 0.0671875 0.209375
1 0.51875 0.31171875 0.0765625 0.225
1 0.62109375 0.5390625 0.084375 0.2859375
1 0.53984375 0.578125 0.0953125 0.2703125
1 0.440625 0.73671875 0.0796875 0.1953125
0 0.4421875 0.44921875 0.0234375 0.0328125