2 0.72734375 0.2421875 0.0828125 0.209375
2 0.03671875 0.32265625 0.0734375 0.2328125
1 0.05390625 0.70703125 0.1046875 0.2875
1 0.15546875 0.60078125 0.1234375 0.3015625
1 0.5203125 0.4703125 0.10625 0.228125
2 0.72578125 0.77109375 0.0828125 0.2
0 0.5171875 0.4453125 0.025 0.040625
1 0.69453125 0.51484375 0.115625 0.278125
1 0.5828125 0.40390625 0.140625 0.284375
1 0.57890625 0.53203125 0.115625 0.2796875
1 0.5421875 0.44296875 0.06875 0.2015625
1 0.475 0.4078125 0.103125 0.225
1 0.4703125 0.53515625 0.16875 0.2890625