2 0.68203125 0.29609375 0.0671875 0.1640625
1 0.45 0.609375 0.1203125 0.1984375
2 0.65859375 0.70390625 0.0703125 0.1671875
1 0.26328125 0.44453125 0.0609375 0.15625
1 0.5046875 0.61953125 0.103125 0.2171875
2 0.10234375 0.42109375 0.0625 0.1609375
1 0.5296875 0.3203125 0.084375 0.175
1 0.48046875 0.29140625 0.0828125 0.171875
1 0.403125 0.30546875 0.0671875 0.153125
1 0.47265625 0.3796875 0.0859375 0.175
1 0.440625 0.4578125 0.0953125 0.159375
1 0.40078125 0.5328125 0.0984375 0.203125
1 0.37109375 0.528125 0.0953125 0.2125