2 0.21484375 0.24921875 0.0671875 0.1984375
2 0.90390625 0.27265625 0.090625 0.2265625
1 0.93125 0.64921875 0.1375 0.2796875
1 0.7984375 0.55234375 0.1 0.2890625
1 0.4328125 0.4546875 0.084375 0.215625
2 0.25703125 0.76484375 0.0859375 0.1953125
0 0.43515625 0.43046875 0.0203125 0.0390625
1 0.2671875 0.51171875 0.1 0.265625
1 0.36796875 0.3953125 0.1234375 0.271875
1 0.38125 0.5203125 0.1 0.265625
1 0.41015625 0.4296875 0.0515625 0.19375
1 0.47265625 0.390625 0.1078125 0.21875
1 0.48671875 0.5140625 0.13125 0.265625