2 0.3546875 0.91875 0.103125 0.1625
0 0.8890625 0.5 0.025 0.0375
1 0.9421875 0.66328125 0.10625 0.2859375
2 0.90078125 0.34765625 0.0828125 0.1984375
1 0.77734375 0.40859375 0.096875 0.2546875
1 0.70703125 0.45625 0.1015625 0.2375
1 0.528125 0.346875 0.11875 0.2
1 0.43515625 0.4 0.1046875 0.240625
1 0.34765625 0.653125 0.121875 0.31875
1 0.38125 0.58671875 0.10625 0.2640625
1 0.509375 0.60703125 0.10625 0.2875
1 0.675 0.76328125 0.178125 0.3125
1 0.20390625 0.696875 0.090625 0.271875
2 0.18828125 0.44921875 0.0984375 0.23125