0 0.04140625 0.53671875 0.0203125 0.04375
1 0.03046875 0.54921875 0.0609375 0.2484375
2 0.021875 0.49375 0.040625 0.2265625
1 0.2546875 0.54375 0.0390625 0.2671875
1 0.39921875 0.446875 0.1171875 0.2359375
1 0.42578125 0.3328125 0.053125 0.2046875
1 0.71328125 0.378125 0.0640625 0.21875
1 0.72578125 0.26171875 0.04375 0.215625
1 0.7609375 0.396875 0.0578125 0.21875
1 0.521875 0.58515625 0.109375 0.2671875
1 0.553125 0.54921875 0.0828125 0.28125
1 0.52421875 0.58359375 0.0671875 0.3046875
2 0.74140625 0.24296875 0.0359375 0.175
2 0.621875 0.68515625 0.0578125 0.271875