0 0.69609375 0.646875 0.0328125 0.0484375
2 0.93984375 0.71484375 0.1203125 0.2890625
2 0.6265625 0.10078125 0.08125 0.2015625
1 0.56640625 0.19296875 0.1265625 0.2625
1 0.43515625 0.26171875 0.0890625 0.2484375
1 0.3796875 0.47421875 0.1234375 0.290625
1 0.4 0.496875 0.1421875 0.2921875
1 0.4546875 0.528125 0.13125 0.30625
1 0.30859375 0.54296875 0.1203125 0.3265625
1 0.621875 0.59453125 0.1546875 0.23125
1 0.6828125 0.603125 0.159375 0.271875
1 0.790625 0.446875 0.128125 0.2640625
1 0.896875 0.4875 0.115625 0.2828125