2 0.85546875 0.34140625 0.05625 0.2125
2 0.61640625 0.71171875 0.05625 0.16875
0 0.46796875 0.3296875 0.0171875 0.0375
1 0.696875 0.23984375 0.040625 0.209375
1 0.653125 0.3984375 0.0421875 0.2171875
1 0.70703125 0.571875 0.0484375 0.2359375
1 0.55 0.53828125 0.065625 0.2703125
1 0.45 0.4484375 0.05625 0.2375
1 0.4015625 0.53828125 0.078125 0.2578125
1 0.3765625 0.45078125 0.059375 0.2171875
1 0.3234375 0.296875 0.06875 0.2171875
1 0.253125 0.3 0.0734375 0.2359375
1 0.1671875 0.50234375 0.05 0.23125
2 0.19296875 0.20859375 0.0484375 0.184375