2 0.82421875 0.27578125 0.065625 0.196875
2 0.5078125 0.725 0.0703125 0.16875
1 0.78203125 0.7 0.0875 0.2671875
1 0.76875 0.61328125 0.1125 0.26875
0 0.634375 0.41015625 0.01875 0.0296875
1 0.60859375 0.51640625 0.0765625 0.225
1 0.59140625 0.4375 0.075 0.275
1 0.578125 0.31328125 0.065625 0.2203125
1 0.559375 0.184375 0.071875 0.2015625
1 0.3875 0.2828125 0.0796875 0.1921875
1 0.41953125 0.3375 0.075 0.2390625
1 0.42578125 0.45390625 0.1078125 0.2546875
1 0.3328125 0.48046875 0.09375 0.2375
2 0.2046875 0.19453125 0.078125 0.1984375