0 0.828125 0.55625 0.021875 0.040625
2 0.025 0.2265625 0.05 0.23125
2 0.33359375 0.7234375 0.0640625 0.153125
1 0.89140625 0.3796875 0.084375 0.271875
1 0.78125 0.60390625 0.0796875 0.275
1 0.65390625 0.43515625 0.0921875 0.2359375
1 0.55859375 0.403125 0.0875 0.271875
1 0.5234375 0.43203125 0.0640625 0.253125
1 0.565625 0.5390625 0.0828125 0.253125
1 0.3953125 0.15234375 0.0765625 0.2296875
1 0.41484375 0.3 0.046875 0.275
1 0.1421875 0.65625 0.0875 0.2375
1 0.0671875 0.7078125 0.08125 0.2859375