2 0.71640625 0.23125 0.0640625 0.203125
1 0.94375 0.62265625 0.109375 0.2703125
2 0.42421875 0.7515625 0.078125 0.184375
0 0.83984375 0.328125 0.025 0.04375
1 0.16015625 0.6828125 0.1234375 0.253125
1 0.38046875 0.56015625 0.0953125 0.2265625
1 0.42890625 0.38828125 0.084375 0.2171875
1 0.459375 0.42265625 0.071875 0.2359375
1 0.684375 0.35703125 0.075 0.1921875
1 0.66953125 0.50703125 0.1 0.2515625
1 0.62890625 0.5296875 0.1046875 0.246875
1 0.77890625 0.35859375 0.1078125 0.2296875
1 0.71484375 0.559375 0.071875 0.271875