2 0.2390625 0.42421875 0.071875 0.203125
2 0.6640625 0.24765625 0.065625 0.1625
2 0.77421875 0.79921875 0.075 0.146875
0 0.7265625 0.428125 0.0203125 0.0328125
1 0.70546875 0.428125 0.1140625 0.1890625
1 0.66328125 0.396875 0.1046875 0.2484375
1 0.68046875 0.3421875 0.0609375 0.184375
1 0.75234375 0.30859375 0.0640625 0.1828125
1 0.85546875 0.64453125 0.1078125 0.2578125
1 0.6828125 0.54921875 0.08125 0.2328125
1 0.43828125 0.4640625 0.10625 0.2234375
1 0.3578125 0.56640625 0.0859375 0.228125
1 0.29609375 0.53984375 0.075 0.2390625
1 0.1640625 0.765625 0.1078125 0.2609375