2 0.76015625 0.91171875 0.0828125 0.1765625
2 0.0328125 0.51875 0.0609375 0.20625
1 0.0796875 0.5953125 0.08125 0.2484375
1 0.2078125 0.55 0.0734375 0.2125
1 0.3984375 0.32109375 0.0578125 0.1515625
2 0.59296875 0.3578125 0.0484375 0.140625
1 0.40625 0.3984375 0.0546875 0.184375
1 0.34296875 0.62578125 0.071875 0.2078125
1 0.3984375 0.7640625 0.10625 0.2625
1 0.77421875 0.49375 0.0609375 0.1578125
1 0.653125 0.50625 0.0625 0.1765625
1 0.703125 0.62578125 0.075 0.1953125
0 0.81875 0.715625 0.0203125 0.028125
1 0.846875 0.690625 0.0828125 0.1984375