2 0.71328125 0.70546875 0.059375 0.1234375
1 0.2015625 0.52890625 0.0734375 0.165625
2 0.10078125 0.6953125 0.0734375 0.2203125
0 0.31953125 0.26796875 0.01875 0.028125
1 0.3125 0.46171875 0.0890625 0.196875
1 0.35546875 0.4578125 0.090625 0.26875
1 0.34921875 0.6125 0.115625 0.2359375
1 0.39609375 0.47890625 0.0875 0.2
1 0.44609375 0.478125 0.08125 0.175
1 0.51171875 0.62734375 0.0984375 0.2171875
1 0.5015625 0.3109375 0.08125 0.1578125
2 0.584375 0.246875 0.0734375 0.1890625
1 0.85703125 0.63671875 0.115625 0.25625
1 0.7984375 0.36796875 0.084375 0.1953125