1 0.8046875 0.66328125 0.1015625 0.2578125
0 0.27265625 0.67578125 0.0203125 0.028125
1 0.203125 0.48671875 0.0828125 0.171875
2 0.17421875 0.440625 0.053125 0.175
2 0.6171875 0.828125 0.0875 0.2171875
2 0.671875 0.384375 0.059375 0.1640625
1 0.43046875 0.340625 0.0875 0.1734375
1 0.46953125 0.44921875 0.078125 0.184375
1 0.3421875 0.5796875 0.103125 0.190625
1 0.26875 0.67265625 0.096875 0.221875
1 0.39921875 0.84609375 0.1328125 0.2578125
1 0.42578125 0.62421875 0.09375 0.1875
1 0.515625 0.675 0.0984375 0.2328125
1 0.61875 0.52890625 0.0984375 0.2203125