1 0.26484375 0.74765625 0.1203125 0.271875
0 0.784375 0.56015625 0.025 0.0296875
1 0.784375 0.3515625 0.09375 0.18125
2 0.79609375 0.296875 0.0671875 0.184375
2 0.50390625 0.83515625 0.1078125 0.23125
2 0.2953125 0.4296875 0.078125 0.171875
1 0.51328125 0.29765625 0.1125 0.1890625
1 0.51328125 0.41640625 0.0859375 0.1921875
1 0.68359375 0.49375 0.115625 0.203125
1 0.7875 0.55546875 0.1125 0.2328125
1 0.721875 0.77109375 0.14375 0.2703125
1 0.61640625 0.56875 0.1078125 0.2
1 0.54921875 0.65078125 0.1328125 0.2484375
1 0.39765625 0.5484375 0.1328125 0.2375