2 0.61875 0.853125 0.10625 0.29375
2 0.13359375 0.34140625 0.075 0.2171875
0 0.56484375 0.31015625 0.0203125 0.0328125
1 0.6875 0.8046875 0.084375 0.240625
1 0.690625 0.62421875 0.08125 0.1953125
1 0.6046875 0.5109375 0.115625 0.278125
1 0.56796875 0.3734375 0.06875 0.1875
1 0.5265625 0.29765625 0.059375 0.2125
1 0.26875 0.63984375 0.10625 0.34375
1 0.16015625 0.40234375 0.0484375 0.228125
1 0.33671875 0.48671875 0.0828125 0.2515625
1 0.43125 0.45234375 0.103125 0.2421875
1 0.43828125 0.59375 0.0578125 0.275