2 0.9828125 0.42265625 0.028125 0.275
2 0.3984375 0.6703125 0.0703125 0.225
2 0.27265625 0.09921875 0.0546875 0.1859375
1 0.7734375 0.52109375 0.071875 0.309375
1 0.740625 0.4765625 0.121875 0.275
1 0.6328125 0.390625 0.0921875 0.259375
1 0.609375 0.36953125 0.0640625 0.3078125
1 0.4203125 0.096875 0.0609375 0.19375
1 0.421875 0.31484375 0.128125 0.221875
1 0.40078125 0.49296875 0.09375 0.2640625
1 0.29296875 0.42421875 0.078125 0.240625
1 0.25859375 0.44765625 0.121875 0.2765625
1 0.065625 0.2125 0.071875 0.2375