0 0.42890625 0.2203125 0.0140625 0.025
1 0.4359375 0.31171875 0.0484375 0.1765625
1 0.4140625 0.3640625 0.0671875 0.196875
1 0.22578125 0.36796875 0.046875 0.159375
1 0.2875 0.62734375 0.053125 0.2328125
1 0.2828125 0.771875 0.0890625 0.296875
2 0.371875 0.859375 0.075 0.2671875
1 0.61171875 0.76171875 0.08125 0.26875
1 0.5453125 0.60625 0.05625 0.2515625
1 0.5484375 0.48046875 0.0796875 0.2296875
1 0.70234375 0.496875 0.06875 0.228125
1 0.6796875 0.55546875 0.0640625 0.2296875
1 0.8703125 0.55546875 0.065625 0.2296875
2 0.9640625 0.34140625 0.0578125 0.1984375