1 0.88671875 0.66640625 0.0984375 0.209375
1 0.6703125 0.47890625 0.1078125 0.2171875
2 0.62578125 0.30859375 0.05625 0.1640625
1 0.6078125 0.4421875 0.0984375 0.225
1 0.56171875 0.475 0.078125 0.2171875
1 0.52578125 0.51484375 0.0796875 0.203125
1 0.51484375 0.6578125 0.1015625 0.2140625
1 0.49453125 0.74921875 0.1 0.2234375
2 0.69609375 0.75625 0.0875 0.203125
1 0.28359375 0.4640625 0.0703125 0.1859375
1 0.23828125 0.4671875 0.090625 0.2046875
2 0.0765625 0.4390625 0.0984375 0.1734375
2 0.13515625 0.67890625 0.1 0.23125