2 0.83125 0.29921875 0.075 0.1953125
2 0.478125 0.71640625 0.0875 0.171875
1 0.75078125 0.71171875 0.1140625 0.2671875
1 0.746875 0.62578125 0.14375 0.275
0 0.63203125 0.41640625 0.0203125 0.0296875
1 0.596875 0.51796875 0.1125 0.2296875
1 0.58671875 0.440625 0.096875 0.271875
1 0.58515625 0.3171875 0.0859375 0.221875
1 0.578125 0.1890625 0.084375 0.2
1 0.40234375 0.2734375 0.1078125 0.196875
1 0.428125 0.32890625 0.1125 0.2421875
1 0.42265625 0.44375 0.1484375 0.2625
1 0.3296875 0.46171875 0.125 0.2453125
2 0.2296875 0.17421875 0.103125 0.2015625