1 0.653125 0.32734375 0.040625 0.125
2 0.871875 0.49921875 0.0453125 0.19375
2 0.72109375 0.815625 0.0515625 0.2140625
2 0.2078125 0.36328125 0.028125 0.1515625
1 0.26875 0.44375 0.05 0.1734375
1 0.35625 0.5296875 0.0625 0.1921875
1 0.378125 0.546875 0.040625 0.19375
1 0.5046875 0.53125 0.053125 0.2
1 0.39609375 0.70390625 0.075 0.2046875
1 0.33359375 0.70859375 0.0859375 0.25
0 0.29296875 0.62890625 0.0171875 0.03125
1 0.91796875 0.73671875 0.059375 0.2203125
1 0.775 0.6578125 0.0515625 0.2203125
1 0.675 0.4359375 0.03125 0.1796875