2 0.41171875 0.85078125 0.1109375 0.2953125
2 0.85078125 0.29765625 0.071875 0.21875
0 0.41875 0.3046875 0.021875 0.034375
1 0.3390625 0.8078125 0.115625 0.25
1 0.32109375 0.62890625 0.08125 0.1953125
1 0.396875 0.50703125 0.115625 0.2796875
1 0.42109375 0.3671875 0.0890625 0.190625
1 0.45703125 0.28828125 0.0890625 0.21875
1 0.74296875 0.60625 0.1109375 0.35
1 0.8296875 0.3609375 0.06875 0.228125
1 0.6609375 0.459375 0.096875 0.25625
1 0.56484375 0.43359375 0.1171875 0.2484375
1 0.5703125 0.57578125 0.0875 0.2765625