2 0.71328125 0.70546875 0.0609375 0.1234375
1 0.2015625 0.52890625 0.084375 0.1703125
2 0.10078125 0.6953125 0.075 0.221875
0 0.31953125 0.26796875 0.0203125 0.028125
1 0.3125 0.46171875 0.0875 0.196875
1 0.35546875 0.4578125 0.10625 0.271875
1 0.34921875 0.6125 0.1203125 0.2375
1 0.39609375 0.47890625 0.0875 0.2
1 0.44609375 0.478125 0.0890625 0.178125
1 0.51171875 0.62734375 0.1046875 0.2203125
1 0.5015625 0.3109375 0.084375 0.159375
2 0.584375 0.246875 0.09375 0.19375
1 0.85703125 0.63671875 0.115625 0.25625
1 0.7984375 0.36796875 0.084375 0.1953125