2 0.678125 0.7671875 0.0859375 0.303125
2 0.74921875 0.21640625 0.0734375 0.2140625
0 0.52109375 0.2578125 0.0171875 0.0328125
2 0.1 0.27109375 0.0703125 0.2234375
1 0.14296875 0.57109375 0.09375 0.290625
1 0.24609375 0.50390625 0.0984375 0.275
1 0.34765625 0.4828125 0.078125 0.2734375
1 0.40390625 0.41875 0.078125 0.265625
1 0.4953125 0.2171875 0.0671875 0.2828125
1 0.5125 0.2390625 0.05 0.146875
1 0.484375 0.21953125 0.1 0.3359375
1 0.47109375 0.5046875 0.1046875 0.2921875
1 0.603125 0.4609375 0.1546875 0.275
1 0.940625 0.68125 0.1125 0.315625