0 0.55 0.171875 0.0234375 0.034375
1 0.603125 0.33671875 0.103125 0.278125
1 0.565625 0.33984375 0.08125 0.35
1 0.6609375 0.49140625 0.075 0.2390625
2 0.05078125 0.26328125 0.0578125 0.2140625
2 0.76015625 0.43984375 0.0609375 0.2359375
2 0.475 0.7546875 0.06875 0.1171875
1 0.009375 0.49453125 0.01875 0.2453125
1 0.2453125 0.6859375 0.103125 0.2890625
1 0.315625 0.28125 0.0765625 0.2125
1 0.35625 0.446875 0.0734375 0.25625
1 0.38515625 0.61796875 0.0828125 0.2921875
1 0.4984375 0.43125 0.08125 0.23125
1 0.53984375 0.45 0.0875 0.25