0 0.57734375 0.62578125 0.0265625 0.0390625
2 0.7 0.728125 0.1109375 0.2328125
2 0.63671875 0.24296875 0.0625 0.159375
2 0.05078125 0.38125 0.084375 0.1828125
1 0.1765625 0.4796875 0.1046875 0.2375
1 0.3078125 0.47421875 0.0984375 0.215625
1 0.534375 0.5953125 0.121875 0.1875
1 0.61875 0.534375 0.09375 0.1984375
1 0.640625 0.5359375 0.084375 0.2515625
1 0.53125 0.278125 0.0703125 0.1765625
1 0.51484375 0.3015625 0.103125 0.165625
1 0.4765625 0.3328125 0.1078125 0.1921875
1 0.5203125 0.3625 0.0875 0.1890625