2 0.20703125 0.89609375 0.075 0.2078125
2 0.971875 0.52890625 0.046875 0.2125
1 0.92421875 0.603125 0.071875 0.2515625
1 0.79609375 0.54765625 0.0671875 0.215625
1 0.61484375 0.3 0.05 0.1546875
2 0.4140625 0.32265625 0.0421875 0.14375
1 0.60078125 0.378125 0.0453125 0.1890625
1 0.653125 0.61640625 0.0640625 0.209375
1 0.5875 0.753125 0.096875 0.265625
1 0.21953125 0.45 0.0546875 0.159375
1 0.34296875 0.4703125 0.0546875 0.1796875
1 0.284375 0.58984375 0.065625 0.196875
0 0.16015625 0.6734375 0.01875 0.028125
1 0.13203125 0.64609375 0.075 0.2