1 0.1234375 0.6984375 0.090625 0.209375
1 0.3296875 0.4984375 0.096875 0.215625
2 0.36328125 0.32265625 0.059375 0.1671875
1 0.390625 0.4578125 0.09375 0.23125
1 0.4390625 0.4890625 0.090625 0.221875
1 0.478125 0.52578125 0.0875 0.2109375
1 0.49765625 0.66953125 0.1109375 0.221875
1 0.52421875 0.76171875 0.1015625 0.2296875
2 0.32109375 0.77890625 0.0984375 0.2109375
1 0.71953125 0.46328125 0.0671875 0.1890625
1 0.765625 0.4625 0.09375 0.209375
2 0.9265625 0.4265625 0.096875 0.178125
2 0.88203125 0.671875 0.096875 0.234375