2 0.6375 0.77265625 0.071875 0.115625
2 0.05234375 0.51484375 0.0984375 0.2671875
0 0.35234375 0.19140625 0.0296875 0.0390625
1 0.328125 0.3375 0.115625 0.29375
1 0.3875 0.39921875 0.09375 0.2484375
1 0.61015625 0.41328125 0.125 0.2421875
1 0.47578125 0.20546875 0.1 0.2171875
1 0.6859375 0.3890625 0.153125 0.25625
2 0.75078125 0.25078125 0.0921875 0.2140625
1 0.6171875 0.56328125 0.103125 0.2828125
1 0.34609375 0.4671875 0.1015625 0.259375
1 0.5 0.5234375 0.11875 0.284375
1 0.24921875 0.55234375 0.1046875 0.2546875
1 0.20859375 0.6359375 0.1484375 0.28125