2 0.265625 0.29453125 0.05 0.1734375
1 0.58359375 0.5765625 0.109375 0.203125
2 0.38515625 0.7203125 0.0609375 0.175
1 0.74296875 0.365625 0.0421875 0.165625
1 0.528125 0.59921875 0.090625 0.2296875
2 0.90625 0.3078125 0.03125 0.171875
1 0.43203125 0.2890625 0.0640625 0.18125
1 0.47578125 0.24921875 0.0515625 0.1765625
1 0.5609375 0.24765625 0.05 0.1625
1 0.50625 0.340625 0.0625 0.18125
1 0.55859375 0.415625 0.0734375 0.1625
1 0.61796875 0.4859375 0.0796875 0.2125
1 0.6484375 0.47578125 0.071875 0.2234375