0 0.88046875 0.6203125 0.0265625 0.046875
1 0.89296875 0.63359375 0.0890625 0.2484375
2 0.9015625 0.58046875 0.06875 0.2265625
1 0.67265625 0.6171875 0.0796875 0.265625
1 0.53828125 0.5140625 0.1234375 0.234375
1 0.5203125 0.40234375 0.075 0.2046875
1 0.2359375 0.43203125 0.08125 0.2203125
1 0.23203125 0.31796875 0.053125 0.2140625
1 0.18828125 0.44765625 0.075 0.2171875
1 0.409375 0.64375 0.134375 0.275
1 0.38046875 0.60703125 0.0984375 0.2796875
1 0.40703125 0.6421875 0.1078125 0.30625
2 0.21796875 0.3 0.0546875 0.175
2 0.30546875 0.73671875 0.0703125 0.2671875