0 0.78203125 0.39921875 0.021875 0.0328125
2 0.77109375 0.2265625 0.0765625 0.2
1 0.53515625 0.19609375 0.0734375 0.2015625
2 0.03046875 0.5203125 0.0609375 0.228125
2 0.59921875 0.71640625 0.0828125 0.1859375
1 0.834375 0.42265625 0.121875 0.2203125
1 0.4734375 0.29921875 0.071875 0.2015625
1 0.4359375 0.3453125 0.1 0.228125
1 0.471875 0.37734375 0.1125 0.2359375
1 0.55625 0.48359375 0.10625 0.2421875
1 0.615625 0.50625 0.109375 0.2375
1 0.6421875 0.4140625 0.103125 0.234375
1 0.1671875 0.62578125 0.084375 0.228125
1 0.26796875 0.55625 0.1109375 0.228125