0 0.50234375 0.45 0.0328125 0.04375
2 0.15859375 0.30859375 0.103125 0.2296875
2 0.73203125 0.23671875 0.0859375 0.25
2 0.56640625 0.8890625 0.0953125 0.221875
1 0.80859375 0.72265625 0.1203125 0.2828125
1 0.678125 0.671875 0.178125 0.34375
1 0.61171875 0.66796875 0.1 0.315625
1 0.70703125 0.4640625 0.1234375 0.275
1 0.50625 0.19375 0.09375 0.24375
1 0.5328125 0.27890625 0.096875 0.2453125
1 0.56328125 0.421875 0.115625 0.2625
1 0.49609375 0.446875 0.115625 0.21875
1 0.2921875 0.57109375 0.134375 0.2953125
1 0.128125 0.64765625 0.11875 0.3140625