2 0.228125 0.19921875 0.071875 0.2046875
2 0.9328125 0.26015625 0.09375 0.23125
1 0.9328125 0.646875 0.134375 0.2875
1 0.809375 0.540625 0.1078125 0.296875
1 0.440625 0.42109375 0.08125 0.2203125
2 0.24375 0.72890625 0.0796875 0.196875
0 0.44375 0.39609375 0.021875 0.040625
1 0.26875 0.4703125 0.1046875 0.271875
1 0.37734375 0.35703125 0.121875 0.275
1 0.38515625 0.48515625 0.096875 0.271875
1 0.41953125 0.39453125 0.0609375 0.2
1 0.4859375 0.3578125 0.1015625 0.221875
1 0.49296875 0.48515625 0.1359375 0.275