2 0.33984375 0.8015625 0.11875 0.290625
2 0.296875 0.2796875 0.0875 0.20625
0 0.50859375 0.32890625 0.0203125 0.0328125
2 0.90390625 0.3578125 0.0765625 0.209375
1 0.85078125 0.63671875 0.1140625 0.2796875
1 0.75625 0.5703125 0.11875 0.265625
1 0.66171875 0.54609375 0.1 0.2609375
1 0.61171875 0.48515625 0.08125 0.25
1 0.534375 0.29140625 0.090625 0.26875
1 0.51796875 0.3109375 0.0609375 0.14375
1 0.5453125 0.29375 0.103125 0.31875
1 0.54453125 0.5625 0.1125 0.275
1 0.42265625 0.51640625 0.1609375 0.265625
1 0.090625 0.71015625 0.15625 0.3078125