2 0.28515625 0.28203125 0.06875 0.1765625
1 0.54765625 0.61875 0.1265625 0.2125
2 0.325 0.725 0.0734375 0.1796875
1 0.74453125 0.4375 0.0625 0.1703125
1 0.4890625 0.63046875 0.10625 0.234375
2 0.91640625 0.41015625 0.0640625 0.1734375
1 0.4515625 0.30625 0.0890625 0.1875
1 0.5015625 0.27421875 0.0875 0.184375
1 0.58671875 0.2890625 0.0703125 0.165625
1 0.51484375 0.36953125 0.090625 0.1875
1 0.55234375 0.4546875 0.1 0.1703125
1 0.5984375 0.534375 0.1015625 0.21875
1 0.63125 0.5296875 0.096875 0.228125