0 0.3578125 0.665625 0.028125 0.04375
2 0.140625 0.778125 0.0875 0.271875
2 0.32265625 0.13359375 0.0515625 0.2046875
1 0.396875 0.21328125 0.1 0.2484375
1 0.5328125 0.25234375 0.065625 0.2359375
1 0.62421875 0.44140625 0.0890625 0.2765625
1 0.60859375 0.465625 0.1140625 0.275
1 0.5625 0.50703125 0.084375 0.2875
1 0.70234375 0.48984375 0.0765625 0.3109375
1 0.4171875 0.60234375 0.140625 0.21875
1 0.3625 0.621875 0.134375 0.253125
1 0.23203125 0.496875 0.0859375 0.24375
1 0.140625 0.55703125 0.1 0.2703125