2 0.8875 0.43515625 0.1125 0.24375
2 0.56796875 0.79921875 0.10625 0.196875
0 0.46953125 0.36328125 0.0265625 0.0421875
1 0.7328125 0.30234375 0.1 0.2375
1 0.659375 0.46640625 0.096875 0.2453125
1 0.6875 0.6609375 0.125 0.271875
1 0.52421875 0.60234375 0.1421875 0.309375
1 0.43125 0.48984375 0.1 0.2640625
1 0.36328125 0.57890625 0.153125 0.3
1 0.35078125 0.48046875 0.1234375 0.2515625
1 0.31796875 0.30625 0.1296875 0.25
1 0.24296875 0.3 0.1359375 0.271875
1 0.115625 0.5046875 0.11875 0.265625
2 0.190625 0.19140625 0.09375 0.2109375