1 0.38828125 0.3 0.05 0.13125
2 0.1546875 0.46328125 0.071875 0.2015625
2 0.28984375 0.7953125 0.0796875 0.221875
2 0.83984375 0.3609375 0.0515625 0.15625
1 0.7734375 0.43984375 0.075 0.1828125
1 0.678125 0.52265625 0.090625 0.203125
1 0.65546875 0.5390625 0.053125 0.196875
1 0.52734375 0.51640625 0.0875 0.209375
1 0.6265625 0.69765625 0.103125 0.2203125
1 0.69140625 0.70703125 0.1265625 0.2671875
0 0.7375 0.62734375 0.021875 0.034375
1 0.09375 0.70546875 0.071875 0.2296875
1 0.24375 0.63125 0.084375 0.228125
1 0.359375 0.409375 0.05 0.1875