1 0.2734375 0.7890625 0.128125 0.278125
0 0.80390625 0.61328125 0.0203125 0.0296875
1 0.8046875 0.40078125 0.090625 0.1828125
2 0.8171875 0.34609375 0.075 0.1875
2 0.51640625 0.88359375 0.1046875 0.2328125
2 0.30703125 0.465625 0.0671875 0.175
1 0.5296875 0.3375 0.103125 0.1875
1 0.52890625 0.459375 0.0796875 0.19375
1 0.70078125 0.5421875 0.1078125 0.2
1 0.80703125 0.60859375 0.1140625 0.2375
1 0.7390625 0.82578125 0.159375 0.2796875
1 0.634375 0.61640625 0.103125 0.2
1 0.56328125 0.6984375 0.1109375 0.246875
1 0.41015625 0.58984375 0.1296875 0.2390625