2 0.7546875 0.87578125 0.059375 0.196875
1 0.69375 0.42421875 0.0453125 0.1765625
1 0.5953125 0.671875 0.053125 0.1921875
0 0.5765625 0.659375 0.01875 0.034375
1 0.575 0.6328125 0.0828125 0.165625
1 0.625 0.4859375 0.053125 0.16875
1 0.3984375 0.3625 0.040625 0.1703125
1 0.38515625 0.42890625 0.034375 0.1609375
1 0.3890625 0.56953125 0.0421875 0.171875
1 0.3515625 0.55546875 0.0546875 0.203125
1 0.27578125 0.6390625 0.05625 0.2078125
1 0.1671875 0.7109375 0.053125 0.2453125
2 0.07109375 0.58125 0.0390625 0.2078125
2 0.60546875 0.33515625 0.0265625 0.13125