2 0.3796875 0.82734375 0.071875 0.2859375
2 0.2734375 0.31015625 0.0625 0.2015625
0 0.4921875 0.3328125 0.015625 0.03125
2 0.8921875 0.3125 0.0625 0.2125
1 0.87265625 0.6 0.0953125 0.275
1 0.76953125 0.54453125 0.1015625 0.2609375
1 0.671875 0.53125 0.059375 0.25625
1 0.6140625 0.4765625 0.059375 0.25
1 0.5125 0.29140625 0.075 0.265625
1 0.4984375 0.3140625 0.046875 0.140625
1 0.5234375 0.29296875 0.096875 0.31875
1 0.55625 0.5625 0.103125 0.275
1 0.42890625 0.53125 0.1359375 0.25625
1 0.11796875 0.76640625 0.1234375 0.3