2 0.7234375 0.30234375 0.059375 0.1734375
1 0.4390625 0.60546875 0.10625 0.2015625
2 0.6453125 0.728125 0.071875 0.178125
1 0.26328125 0.41171875 0.0578125 0.1671875
1 0.49453125 0.62265625 0.1109375 0.23125
2 0.09921875 0.36953125 0.0609375 0.1703125
1 0.56015625 0.31171875 0.0859375 0.184375
1 0.51328125 0.27578125 0.0828125 0.18125
1 0.43046875 0.28203125 0.0671875 0.1640625
1 0.49296875 0.3671875 0.0765625 0.18125
1 0.44765625 0.446875 0.096875 0.16875
1 0.396875 0.51953125 0.103125 0.215625
1 0.365625 0.51171875 0.075 0.2203125