1 0.45546875 0.55 0.1578125 0.225
1 0.64140625 0.37890625 0.1046875 0.1953125
1 0.14296875 0.64921875 0.1265625 0.2109375
1 0.40703125 0.459375 0.1109375 0.20625
1 0.5296875 0.3734375 0.109375 0.21875
1 0.6640625 0.59609375 0.121875 0.1953125
2 0.96953125 0.47734375 0.0609375 0.2296875
2 0.68828125 0.7484375 0.175 0.265625
1 0.1578125 0.41484375 0.090625 0.2078125
1 0.65078125 0.58359375 0.1296875 0.2
1 0.62890625 0.28671875 0.0625 0.1140625
1 0.45 0.2890625 0.090625 0.196875
2 0.3 0.3375 0.0875 0.2
0 0.63828125 0.5984375 0.0296875 0.034375