2 0.265625 0.29453125 0.034375 0.171875
1 0.58359375 0.5765625 0.0875 0.196875
2 0.38515625 0.7203125 0.040625 0.1734375
1 0.74296875 0.365625 0.0296875 0.165625
1 0.528125 0.59921875 0.0625 0.225
2 0.90625 0.3078125 0.03125 0.1703125
1 0.43203125 0.2890625 0.053125 0.1796875
1 0.47578125 0.24921875 0.0515625 0.1765625
1 0.5609375 0.24765625 0.0375 0.1609375
1 0.50625 0.340625 0.05625 0.1796875
1 0.55859375 0.415625 0.06875 0.159375
1 0.61796875 0.4859375 0.0609375 0.209375
1 0.6484375 0.47578125 0.053125 0.2203125