0 0.21796875 0.3984375 0.01875 0.034375
2 0.240625 0.21328125 0.0578125 0.2125
1 0.49609375 0.19453125 0.0578125 0.2140625
2 0.3921875 0.75 0.0765625 0.1984375
1 0.159375 0.421875 0.1046875 0.2296875
1 0.55625 0.309375 0.059375 0.215625
1 0.59296875 0.36171875 0.0703125 0.2375
1 0.55234375 0.3921875 0.0953125 0.246875
1 0.4546875 0.503125 0.075 0.2515625
1 0.38984375 0.52265625 0.0875 0.2484375
1 0.3671875 0.42265625 0.065625 0.2421875
1 0.8625 0.67734375 0.0625 0.240625
1 0.75859375 0.596875 0.0953125 0.240625