2 0.4625 0.9375 0.096875 0.125
2 0.1359375 0.71796875 0.121875 0.3390625
1 0.1328125 0.89765625 0.096875 0.2
1 0.3796875 0.68671875 0.09375 0.3953125
1 0.503125 0.6640625 0.06875 0.359375
1 0.71484375 0.465625 0.1203125 0.325
1 0.68359375 0.296875 0.078125 0.278125
1 0.634375 0.45859375 0.115625 0.325
1 0.56796875 0.359375 0.0734375 0.3125
1 0.47265625 0.4703125 0.103125 0.35
0 0.39453125 0.340625 0.0265625 0.04375
1 0.37109375 0.5484375 0.0796875 0.321875
1 0.409375 0.53828125 0.096875 0.3671875