2 0.22890625 0.8765625 0.0953125 0.1765625
0 0.8609375 0.60078125 0.0265625 0.0375
1 0.86875 0.77265625 0.11875 0.290625
2 0.9125 0.45625 0.0734375 0.1953125
1 0.77734375 0.48359375 0.1078125 0.2578125
1 0.6953125 0.51015625 0.103125 0.2359375
1 0.55234375 0.35859375 0.115625 0.2
1 0.446875 0.38515625 0.0890625 0.2359375
1 0.29453125 0.60859375 0.1203125 0.3171875
1 0.34375 0.553125 0.10625 0.2640625
1 0.4640625 0.60703125 0.1015625 0.2859375
1 0.5828125 0.8 0.165625 0.3078125
1 0.14453125 0.61328125 0.0921875 0.2734375
2 0.19375 0.36875 0.0859375 0.2296875