2 0.678125 0.7609375 0.053125 0.109375
2 0.05 0.5953125 0.0421875 0.2625
0 0.30078125 0.22265625 0.01875 0.0359375
1 0.2984375 0.37265625 0.06875 0.290625
1 0.36875 0.42578125 0.0484375 0.246875
1 0.59375 0.4046875 0.065625 0.23125
1 0.42578125 0.21640625 0.05625 0.2125
1 0.665625 0.36796875 0.0921875 0.2359375
2 0.70859375 0.21875 0.0453125 0.2078125
1 0.625 0.55390625 0.0546875 0.28125
1 0.3375 0.50078125 0.0421875 0.25625
1 0.50078125 0.53203125 0.0765625 0.2796875
1 0.253125 0.6015625 0.0453125 0.25
1 0.2265625 0.6921875 0.1015625 0.26875