2 0.25234375 0.87890625 0.09375 0.1984375
0 0.88046875 0.5765625 0.0265625 0.0375
1 0.8921875 0.7484375 0.109375 0.2890625
2 0.92890625 0.43125 0.0671875 0.1953125
1 0.79375 0.4609375 0.0984375 0.25625
1 0.7125 0.48984375 0.096875 0.2359375
1 0.56484375 0.340625 0.109375 0.196875
1 0.4609375 0.3703125 0.08125 0.2359375
1 0.31328125 0.596875 0.109375 0.3171875
1 0.36328125 0.540625 0.096875 0.2640625
1 0.48359375 0.59140625 0.0921875 0.2859375
1 0.6078125 0.78203125 0.15625 0.3046875
1 0.1625 0.60546875 0.0828125 0.2734375
2 0.2078125 0.36015625 0.078125 0.228125