2 0.1625 0.25390625 0.0703125 0.2046875
2 0.8671875 0.17109375 0.09375 0.23125
1 0.93984375 0.55078125 0.1203125 0.290625
1 0.803125 0.471875 0.1078125 0.296875
1 0.41640625 0.4296875 0.0796875 0.2203125
2 0.28515625 0.77265625 0.078125 0.1984375
0 0.4140625 0.4046875 0.021875 0.040625
1 0.25625 0.51328125 0.103125 0.2734375
1 0.340625 0.37890625 0.1203125 0.2765625
1 0.3734375 0.50390625 0.0953125 0.2734375
1 0.3890625 0.4078125 0.059375 0.2
1 0.446875 0.3578125 0.1 0.2234375
1 0.4796875 0.48203125 0.134375 0.2765625