2 0.8015625 0.2203125 0.06875 0.2015625
2 0.56484375 0.73515625 0.071875 0.1734375
1 0.83671875 0.65390625 0.0921875 0.275
1 0.8078125 0.56953125 0.115625 0.2765625
0 0.63515625 0.39375 0.0203125 0.03125
1 0.628125 0.50390625 0.0796875 0.23125
1 0.596875 0.4296875 0.078125 0.2828125
1 0.5609375 0.3078125 0.0671875 0.228125
1 0.51796875 0.18125 0.0734375 0.2078125
1 0.36484375 0.31640625 0.084375 0.1984375
1 0.40625 0.3640625 0.0765625 0.2453125
1 0.4328125 0.47890625 0.1109375 0.2625
1 0.3453125 0.52421875 0.096875 0.2453125
2 0.1640625 0.26484375 0.08125 0.2046875