2 0.6265625 0.78515625 0.05 0.1296875
1 0.11953125 0.50234375 0.0578125 0.1734375
0 0.296875 0.246875 0.01875 0.028125
1 0.2515625 0.45234375 0.075 0.2078125
1 0.29765625 0.4546875 0.0796875 0.2875
1 0.25859375 0.6171875 0.1109375 0.25
1 0.334375 0.48515625 0.075 0.2109375
1 0.38828125 0.49453125 0.0796875 0.1859375
1 0.42734375 0.6640625 0.078125 0.228125
1 0.48046875 0.328125 0.0828125 0.16875
2 0.58125 0.27578125 0.06875 0.2015625
1 0.79296875 0.7390625 0.0953125 0.26875
1 0.784375 0.4421875 0.075 0.20625