0 0.5109375 0.640625 0.03125 0.04375
2 0.5953125 0.78515625 0.128125 0.2515625
2 0.709375 0.27890625 0.075 0.1734375
2 0.08125 0.2125 0.090625 0.196875
1 0.1703125 0.35390625 0.128125 0.259375
1 0.30078125 0.39453125 0.1203125 0.2359375
1 0.48125 0.5953125 0.140625 0.20625
1 0.58515625 0.5640625 0.1140625 0.215625
1 0.60625 0.5734375 0.1125 0.271875
1 0.59140625 0.27734375 0.078125 0.1890625
1 0.5671875 0.2953125 0.115625 0.178125
1 0.51796875 0.31171875 0.1296875 0.2109375
1 0.55 0.3578125 0.0875 0.2