0 0.61953125 0.19609375 0.01875 0.0265625
1 0.6 0.28515625 0.08125 0.1828125
1 0.615625 0.340625 0.096875 0.203125
1 0.803125 0.36875 0.071875 0.1625
1 0.70703125 0.61953125 0.0921875 0.2359375
1 0.69140625 0.76484375 0.1484375 0.3078125
2 0.59140625 0.83828125 0.1078125 0.271875
1 0.365625 0.7109375 0.13125 0.278125
1 0.4515625 0.565625 0.103125 0.25625
1 0.465625 0.43984375 0.125 0.240625
1 0.31171875 0.43671875 0.1109375 0.2359375
1 0.325 0.49765625 0.1 0.2359375
1 0.13515625 0.471875 0.1109375 0.2375
2 0.06640625 0.2484375 0.1015625 0.209375