1 0.1703125 0.6328125 0.10625 0.25
0 0.68203125 0.67109375 0.0203125 0.028125
1 0.75390625 0.4921875 0.084375 0.16875
2 0.78359375 0.45 0.0578125 0.16875
2 0.3453125 0.8 0.0921875 0.2125
2 0.3078125 0.37109375 0.0609375 0.1578125
1 0.540625 0.3421875 0.0890625 0.16875
1 0.49921875 0.44375 0.0796875 0.1796875
1 0.61796875 0.575 0.1046875 0.1875
1 0.6859375 0.66875 0.1 0.215625
1 0.5546875 0.828125 0.134375 0.2515625
1 0.5359375 0.61484375 0.0953125 0.1828125
1 0.4484375 0.65859375 0.1015625 0.225
1 0.35390625 0.51171875 0.1015625 0.2140625