2 0.0734375 0.540625 0.065625 0.2578125
2 0.65078125 0.70078125 0.0703125 0.2125
2 0.71640625 0.14453125 0.0578125 0.2078125
1 0.29140625 0.60625 0.075 0.2890625
1 0.31796875 0.5609375 0.11875 0.259375
1 0.41015625 0.4703125 0.090625 0.24375
1 0.4296875 0.4484375 0.0671875 0.2875
1 0.58125 0.17109375 0.0625 0.190625
1 0.59765625 0.3765625 0.121875 0.2109375
1 0.6328125 0.53828125 0.0921875 0.2484375
1 0.7265625 0.4625 0.0765625 0.2265625
1 0.7609375 0.48046875 0.11875 0.2609375
1 0.91796875 0.24296875 0.0703125 0.2234375