2 0.678125 0.7671875 0.1125 0.309375
2 0.74921875 0.21640625 0.084375 0.2171875
0 0.52109375 0.2578125 0.0171875 0.034375
2 0.1 0.27109375 0.08125 0.2265625
1 0.14296875 0.57109375 0.1046875 0.29375
1 0.24609375 0.50390625 0.1078125 0.2765625
1 0.34765625 0.4828125 0.1078125 0.278125
1 0.40390625 0.41875 0.1 0.26875
1 0.4953125 0.2171875 0.0875 0.2875
1 0.5125 0.2390625 0.059375 0.15
1 0.484375 0.21953125 0.128125 0.3421875
1 0.47109375 0.5046875 0.1203125 0.296875
1 0.603125 0.4609375 0.1625 0.278125
1 0.940625 0.68125 0.11875 0.31875