1 0.87109375 0.75390625 0.096875 0.2859375
0 0.71796875 0.44765625 0.0234375 0.040625
2 0.64140625 0.33984375 0.04375 0.165625
1 0.659375 0.54140625 0.09375 0.2359375
1 0.68515625 0.62578125 0.13125 0.25625
2 0.55546875 0.8796875 0.0796875 0.240625
1 0.05078125 0.7796875 0.065625 0.2671875
2 0.04453125 0.4078125 0.053125 0.2140625
1 0.2375 0.38359375 0.059375 0.209375
1 0.3734375 0.403125 0.0640625 0.2125
1 0.3546875 0.55625 0.090625 0.2453125
1 0.24609375 0.63671875 0.06875 0.228125
1 0.7109375 0.5734375 0.08125 0.271875
1 0.52890625 0.51484375 0.0765625 0.2390625