2 0.946875 0.45390625 0.0671875 0.259375
2 0.39609375 0.70390625 0.071875 0.2125
2 0.25 0.16015625 0.059375 0.209375
1 0.73984375 0.553125 0.0765625 0.2890625
1 0.70625 0.51328125 0.1203125 0.259375
1 0.6015625 0.43671875 0.09375 0.24375
1 0.57890625 0.41796875 0.06875 0.2875
1 0.3875 0.165625 0.0640625 0.190625
1 0.4015625 0.37265625 0.125 0.209375
1 0.38984375 0.5390625 0.09375 0.2484375
1 0.28671875 0.478125 0.0796875 0.225
1 0.2546875 0.50078125 0.1203125 0.2609375
1 0.06328125 0.28984375 0.0734375 0.221875