1 0.8671875 0.76171875 0.0984375 0.2921875
0 0.71171875 0.4484375 0.0234375 0.0421875
2 0.63359375 0.3390625 0.04375 0.1703125
1 0.65078125 0.5453125 0.09375 0.2421875
1 0.678125 0.63125 0.1328125 0.2625
2 0.5421875 0.884375 0.078125 0.23125
1 0.03671875 0.78828125 0.0453125 0.2703125
2 0.02578125 0.4078125 0.0484375 0.21875
1 0.22109375 0.38359375 0.059375 0.2140625
1 0.36015625 0.403125 0.0625 0.2171875
1 0.340625 0.56015625 0.090625 0.25
1 0.2296875 0.6421875 0.0703125 0.2328125
1 0.70390625 0.57734375 0.08125 0.278125
1 0.51796875 0.51796875 0.0765625 0.2453125