2 0.946875 0.4296875 0.084375 0.259375
2 0.4140625 0.70390625 0.084375 0.2140625
2 0.240625 0.1703125 0.0875 0.2125
1 0.746875 0.5375 0.10625 0.29375
1 0.7125 0.49921875 0.140625 0.2671875
1 0.60390625 0.428125 0.1328125 0.253125
1 0.58125 0.4109375 0.084375 0.2875
1 0.37734375 0.16953125 0.08125 0.1953125
1 0.40234375 0.37421875 0.146875 0.2203125
1 0.39921875 0.540625 0.1359375 0.259375
1 0.29375 0.48515625 0.109375 0.2328125
1 0.26328125 0.50859375 0.1625 0.2765625
1 0.0625 0.3078125 0.0875 0.225