2 0.67265625 0.22734375 0.071875 0.1921875
0 0.30625 0.29921875 0.025 0.0359375
2 0.1625 0.56484375 0.096875 0.2203125
1 0.3453125 0.4625 0.08125 0.228125
1 0.31875 0.640625 0.090625 0.25625
1 0.38984375 0.675 0.0734375 0.25
1 0.6328125 0.66015625 0.103125 0.2640625
1 0.70234375 0.365625 0.0734375 0.21875
1 0.80234375 0.565625 0.0890625 0.253125
1 0.95078125 0.63125 0.090625 0.278125
1 0.97421875 0.40078125 0.0515625 0.2296875
2 0.8875 0.80625 0.06875 0.15
1 0.3015625 0.33359375 0.13125 0.2734375