2 0.02890625 0.55625 0.0578125 0.2625
2 0.61484375 0.72109375 0.0765625 0.215625
2 0.675 0.1515625 0.0640625 0.2125
1 0.2453125 0.62421875 0.0828125 0.2953125
1 0.271875 0.57734375 0.1265625 0.265625
1 0.36484375 0.48515625 0.0984375 0.2484375
1 0.38515625 0.46171875 0.075 0.2921875
1 0.5375 0.178125 0.06875 0.1953125
1 0.55546875 0.38828125 0.1296875 0.215625
1 0.59453125 0.553125 0.1 0.253125
1 0.6890625 0.47578125 0.084375 0.2296875
1 0.7234375 0.49453125 0.1265625 0.2671875
1 0.8828125 0.25234375 0.078125 0.2265625