2 0.79921875 0.36484375 0.0703125 0.2203125
2 0.49375 0.76875 0.071875 0.15625
2 0.07265625 0.21484375 0.0671875 0.2171875
0 0.15234375 0.34453125 0.0234375 0.040625
1 0.28125 0.24375 0.071875 0.19375
1 0.13515625 0.48359375 0.0890625 0.2953125
1 0.23203125 0.5109375 0.0921875 0.240625
1 0.2921875 0.5171875 0.090625 0.3
1 0.33671875 0.3765625 0.0828125 0.24375
1 0.4796875 0.31640625 0.090625 0.2296875
1 0.6203125 0.27265625 0.071875 0.1453125
1 0.61484375 0.40625 0.0765625 0.25
1 0.73984375 0.58515625 0.1171875 0.2484375
1 0.6921875 0.77421875 0.121875 0.2421875