2 0.8671875 0.265625 0.0625 0.190625
1 0.96875 0.490625 0.0625 0.21875
1 0.59375 0.44453125 0.078125 0.2203125
1 0.44921875 0.22734375 0.05 0.1625
1 0.259375 0.53359375 0.09375 0.2203125
2 0.36484375 0.74921875 0.053125 0.1953125
1 0.08984375 0.64453125 0.1015625 0.2296875
0 0.328125 0.25625 0.01875 0.028125
1 0.3609375 0.41171875 0.0875 0.1984375
1 0.36953125 0.44375 0.0625 0.19375
1 0.3734375 0.37578125 0.06875 0.2171875
1 0.36328125 0.2953125 0.0390625 0.09375
1 0.33515625 0.321875 0.05 0.2125
2 0.2703125 0.271875 0.046875 0.178125