2 0.49765625 0.93984375 0.0953125 0.1203125
2 0.1640625 0.7421875 0.09375 0.33125
1 0.16796875 0.91015625 0.0953125 0.1796875
1 0.403125 0.696875 0.0859375 0.390625
1 0.525 0.66875 0.0671875 0.3609375
1 0.72578125 0.4578125 0.0921875 0.31875
1 0.68671875 0.29296875 0.0671875 0.2734375
1 0.64609375 0.45625 0.084375 0.3171875
1 0.575 0.3625 0.0515625 0.309375
1 0.4859375 0.478125 0.090625 0.346875
0 0.40078125 0.3515625 0.0234375 0.0421875
1 0.3890625 0.5609375 0.0734375 0.3171875
1 0.42578125 0.5484375 0.065625 0.3640625