2 0.28671875 0.2375 0.0703125 0.1921875
1 0.10390625 0.6234375 0.1 0.2546875
2 0.60625 0.7046875 0.0828125 0.1765625
0 0.1765625 0.33828125 0.0234375 0.040625
1 0.84921875 0.6203125 0.1140625 0.2390625
1 0.63046875 0.5203125 0.0875 0.2140625
1 0.57109375 0.3625 0.0734375 0.2046875
1 0.54453125 0.39765625 0.0671875 0.221875
1 0.32734375 0.353125 0.0828125 0.184375
1 0.353125 0.49375 0.1015625 0.2390625
1 0.39375 0.5125 0.1140625 0.2359375
1 0.2375 0.3625 0.0984375 0.215625
1 0.315625 0.546875 0.0796875 0.2578125