1 0.8890625 0.6671875 0.0921875 0.209375
1 0.6765625 0.4734375 0.1015625 0.2171875
2 0.63828125 0.29921875 0.0515625 0.165625
1 0.6140625 0.434375 0.090625 0.2265625
1 0.56640625 0.4671875 0.071875 0.21875
1 0.5296875 0.50546875 0.0734375 0.20625
1 0.5140625 0.65 0.0953125 0.215625
1 0.4890625 0.74140625 0.0921875 0.2234375
2 0.69296875 0.75390625 0.0828125 0.2046875
1 0.2859375 0.45 0.065625 0.1890625
1 0.240625 0.45078125 0.0859375 0.20625
2 0.078125 0.41875 0.09375 0.175
2 0.12890625 0.6625 0.09375 0.2328125