1 0.36171875 0.36328125 0.0546875 0.140625
2 0.12890625 0.55859375 0.059375 0.2140625
2 0.3046875 0.890625 0.065625 0.21875
2 0.85078125 0.384375 0.0484375 0.16875
1 0.7875 0.47578125 0.065625 0.1921875
1 0.69375 0.57265625 0.096875 0.2171875
1 0.671875 0.59375 0.0625 0.215625
1 0.53203125 0.58046875 0.0796875 0.2234375
1 0.6578125 0.765625 0.1 0.23125
1 0.72578125 0.7671875 0.1078125 0.278125
0 0.76796875 0.67890625 0.0203125 0.0359375
1 0.08828125 0.82265625 0.0796875 0.2453125
1 0.240625 0.73046875 0.065625 0.2421875
1 0.34140625 0.4828125 0.046875 0.196875