2 0.85546875 0.34140625 0.0640625 0.2140625
2 0.61640625 0.71171875 0.0609375 0.1703125
0 0.46796875 0.3296875 0.0203125 0.0375
1 0.696875 0.23984375 0.065625 0.2109375
1 0.653125 0.3984375 0.06875 0.21875
1 0.70703125 0.571875 0.0609375 0.2375
1 0.55 0.53828125 0.075 0.271875
1 0.45 0.4484375 0.075 0.240625
1 0.4015625 0.53828125 0.10625 0.2640625
1 0.3765625 0.45078125 0.071875 0.2203125
1 0.3234375 0.296875 0.071875 0.21875
1 0.253125 0.3 0.0875 0.240625
1 0.1671875 0.50234375 0.065625 0.2328125
2 0.19296875 0.20859375 0.0703125 0.1875