1 0.20078125 0.6578125 0.08125 0.24375
0 0.703125 0.63125 0.0171875 0.0265625
1 0.7546875 0.44765625 0.0671875 0.1609375
2 0.7796875 0.40234375 0.0390625 0.165625
2 0.38828125 0.7984375 0.06875 0.2046875
2 0.3078125 0.38515625 0.0453125 0.1546875
1 0.53125 0.32734375 0.071875 0.1625
1 0.50234375 0.4328125 0.0609375 0.1734375
1 0.63125 0.5453125 0.0875 0.178125
1 0.70625 0.628125 0.078125 0.209375
1 0.5953125 0.8 0.109375 0.2421875
1 0.5546875 0.59375 0.078125 0.1765625
1 0.47421875 0.64765625 0.078125 0.21875
1 0.36796875 0.51796875 0.0796875 0.2078125