1 0.6359375 0.321875 0.0390625 0.1234375
2 0.8578125 0.4828125 0.0453125 0.1890625
2 0.72265625 0.796875 0.053125 0.209375
2 0.2015625 0.36953125 0.0296875 0.1484375
1 0.2640625 0.44609375 0.0515625 0.1703125
1 0.3546875 0.52734375 0.0625 0.1875
1 0.375 0.54453125 0.040625 0.1890625
1 0.49921875 0.52578125 0.053125 0.1953125
1 0.39921875 0.69609375 0.075 0.2015625
1 0.3390625 0.70390625 0.0859375 0.2453125
0 0.2953125 0.6265625 0.015625 0.03125
1 0.9109375 0.71484375 0.059375 0.2171875
1 0.76875 0.64140625 0.0515625 0.2140625
1 0.66171875 0.4265625 0.03125 0.1765625