0 0.64921875 0.64765625 0.028125 0.0484375
2 0.8828125 0.77265625 0.0890625 0.2953125
2 0.69765625 0.09609375 0.0515625 0.1640625
1 0.61484375 0.15546875 0.0953125 0.2671875
1 0.46640625 0.19453125 0.0578125 0.25625
1 0.3640625 0.39765625 0.0890625 0.2984375
1 0.378125 0.42421875 0.1078125 0.2953125
1 0.428125 0.46953125 0.0953125 0.3125
1 0.27578125 0.45 0.0796875 0.3359375
1 0.584375 0.57734375 0.13125 0.2265625
1 0.64375 0.59921875 0.13125 0.2703125
1 0.7875 0.46640625 0.0984375 0.26875
1 0.88671875 0.53203125 0.08125 0.2890625