2 0.2921875 0.7171875 0.084375 0.121875
2 0.93828125 0.659375 0.1078125 0.26875
0 0.75625 0.2484375 0.025 0.040625
1 0.73203125 0.39765625 0.1234375 0.3
1 0.6546875 0.43828125 0.115625 0.25625
1 0.4359375 0.3796875 0.115625 0.24375
1 0.634375 0.22265625 0.096875 0.2203125
1 0.37265625 0.33125 0.14375 0.25625
2 0.35703125 0.1765625 0.0890625 0.215625
1 0.3796875 0.52109375 0.109375 0.2890625
1 0.671875 0.5171875 0.10625 0.265625
1 0.50546875 0.52109375 0.146875 0.296875
1 0.73671875 0.63046875 0.10625 0.259375
1 0.7484375 0.725 0.159375 0.290625