0 0.27421875 0.6796875 0.0375 0.053125
2 0.05390625 0.74140625 0.1078125 0.3046875
2 0.36640625 0.1125 0.1015625 0.225
1 0.42421875 0.215625 0.1390625 0.275
1 0.55703125 0.2921875 0.1109375 0.259375
1 0.60625 0.51328125 0.15625 0.3109375
1 0.58515625 0.534375 0.1828125 0.3125
1 0.528125 0.565625 0.1625 0.325
1 0.67734375 0.58515625 0.134375 0.3359375
1 0.35234375 0.628125 0.18125 0.253125
1 0.290625 0.634375 0.196875 0.29375
1 0.18515625 0.4703125 0.1453125 0.278125
1 0.07578125 0.50859375 0.1515625 0.3015625