2 0.43984375 0.746875 0.059375 0.096875
2 0.25234375 0.32109375 0.06875 0.2359375
2 0.9640625 0.2890625 0.0703125 0.21875
1 0.68046875 0.54453125 0.1375 0.2390625
1 0.70703125 0.52890625 0.121875 0.23125
1 0.54921875 0.4375 0.0953125 0.2125
1 0.50703125 0.378125 0.140625 0.2390625
1 0.52109375 0.21484375 0.0703125 0.1984375
1 0.50234375 0.296875 0.0796875 0.2125
1 0.35703125 0.48046875 0.0890625 0.26875
1 0.421875 0.5359375 0.096875 0.25625
1 0.47578125 0.70390625 0.08125 0.1859375
0 0.540625 0.440625 0.0234375 0.03125