0 0.36640625 0.6640625 0.025 0.04375
2 0.146875 0.76875 0.075 0.26875
2 0.34375 0.12734375 0.04375 0.203125
1 0.4171875 0.21015625 0.08125 0.24375
1 0.55234375 0.25390625 0.046875 0.234375
1 0.6390625 0.446875 0.075 0.271875
1 0.62421875 0.47109375 0.09375 0.26875
1 0.5765625 0.51015625 0.0796875 0.2859375
1 0.71796875 0.49921875 0.065625 0.3078125
1 0.42890625 0.6015625 0.115625 0.2046875
1 0.3734375 0.61953125 0.1140625 0.2453125
1 0.2453125 0.48984375 0.084375 0.24375
1 0.1515625 0.54609375 0.06875 0.265625