2 0.7796875 0.41171875 0.06875 0.1984375
2 0.3609375 0.24296875 0.0640625 0.159375
2 0.2578125 0.78671875 0.0734375 0.1421875
0 0.3015625 0.42265625 0.01875 0.0328125
1 0.321875 0.421875 0.1109375 0.184375
1 0.36328125 0.38984375 0.1015625 0.24375
1 0.3453125 0.3375 0.0578125 0.1828125
1 0.275 0.30546875 0.0609375 0.1796875
1 0.17734375 0.63671875 0.103125 0.2515625
1 0.3453125 0.54140625 0.078125 0.2265625
1 0.58515625 0.45390625 0.103125 0.21875
1 0.665625 0.5546875 0.0828125 0.221875
1 0.725 0.528125 0.071875 0.2328125
1 0.8578125 0.7484375 0.1046875 0.2546875