0 0.10703125 0.540625 0.021875 0.0421875
1 0.09296875 0.55078125 0.0796875 0.234375
2 0.09140625 0.49921875 0.0515625 0.2140625
1 0.3046875 0.56328125 0.0546875 0.2515625
1 0.4453125 0.4828125 0.1234375 0.2265625
1 0.47734375 0.3796875 0.0640625 0.19375
1 0.74296875 0.44375 0.0734375 0.2078125
1 0.76171875 0.33671875 0.0546875 0.203125
1 0.7859375 0.46484375 0.06875 0.20625
1 0.55 0.621875 0.11875 0.25625
1 0.5828125 0.590625 0.0953125 0.2671875
1 0.55234375 0.62109375 0.0828125 0.2875
2 0.77734375 0.3203125 0.0453125 0.165625
2 0.6375 0.7234375 0.071875 0.25625