2 0.71484375 0.7546875 0.05625 0.1265625
1 0.19453125 0.5484375 0.06875 0.171875
2 0.0765625 0.7171875 0.0671875 0.2296875
0 0.33671875 0.28046875 0.01875 0.0296875
1 0.315625 0.484375 0.084375 0.203125
1 0.36015625 0.4796875 0.08125 0.2796875
1 0.340625 0.640625 0.1109375 0.24375
1 0.39921875 0.5046875 0.0828125 0.20625
1 0.45234375 0.50703125 0.0765625 0.1796875
1 0.509375 0.6640625 0.09375 0.225
1 0.521875 0.3328125 0.0765625 0.1625
2 0.6140625 0.27109375 0.0671875 0.196875
1 0.8703125 0.6890625 0.109375 0.265625
1 0.828125 0.40546875 0.08125 0.203125