2 0.87109375 0.3609375 0.0921875 0.225
1 0.73359375 0.45390625 0.13125 0.2609375
1 0.73515625 0.3046875 0.0859375 0.2140625
1 0.67421875 0.46328125 0.1 0.259375
2 0.47734375 0.78984375 0.0828125 0.15
1 0.6640625 0.6765625 0.1078125 0.240625
1 0.65078125 0.778125 0.096875 0.2296875
1 0.496875 0.3296875 0.1515625 0.2171875
1 0.384375 0.45625 0.09375 0.2296875
2 0.23828125 0.19140625 0.090625 0.21875
1 0.17265625 0.553125 0.11875 0.2796875
1 0.3078125 0.53515625 0.1015625 0.2671875
0 0.27734375 0.29765625 0.0234375 0.034375
1 0.2578125 0.33046875 0.10625 0.2421875