2 0.21484375 0.24921875 0.059375 0.196875
2 0.90390625 0.27265625 0.08125 0.2234375
1 0.9328125 0.65 0.13125 0.2765625
1 0.7984375 0.55234375 0.090625 0.2859375
1 0.4328125 0.4546875 0.0671875 0.2125
2 0.25703125 0.76484375 0.0671875 0.190625
0 0.43515625 0.43046875 0.0203125 0.0390625
1 0.2671875 0.51171875 0.0890625 0.2625
1 0.36796875 0.3953125 0.1046875 0.265625
1 0.38125 0.5203125 0.08125 0.2625
1 0.41015625 0.4296875 0.05 0.19375
1 0.47265625 0.390625 0.0875 0.2140625
1 0.48671875 0.5140625 0.1203125 0.2625