0 0.56171875 0.7046875 0.0265625 0.040625
2 0.68671875 0.81640625 0.103125 0.2453125
2 0.6421875 0.30234375 0.05625 0.1671875
2 0.02890625 0.42265625 0.0578125 0.1921875
1 0.14765625 0.5328125 0.09375 0.25
1 0.2859375 0.5328125 0.090625 0.2265625
1 0.51953125 0.66953125 0.1171875 0.1953125
1 0.61015625 0.609375 0.0875 0.209375
1 0.6328125 0.6125 0.0734375 0.2671875
1 0.528125 0.3359375 0.0640625 0.1859375
1 0.51015625 0.35859375 0.0984375 0.1734375
1 0.46875 0.390625 0.103125 0.2015625
1 0.51328125 0.42421875 0.0796875 0.2