0 0.434375 0.14921875 0.025 0.0359375
1 0.371875 0.31796875 0.11875 0.2921875
1 0.41015625 0.3234375 0.1 0.3671875
1 0.3046875 0.47578125 0.0890625 0.25
2 0.9515625 0.27578125 0.06875 0.225
2 0.20390625 0.415625 0.0734375 0.2484375
2 0.48671875 0.76171875 0.075 0.1234375
1 0.98359375 0.51796875 0.028125 0.25625
1 0.73046875 0.70390625 0.1203125 0.303125
1 0.6734375 0.27734375 0.0890625 0.221875
1 0.62421875 0.44765625 0.0875 0.26875
1 0.5859375 0.62421875 0.0984375 0.30625
1 0.4765625 0.42265625 0.09375 0.2421875
1 0.43359375 0.43984375 0.1 0.2625