1 0.8375 0.828125 0.13125 0.30625
0 0.74609375 0.48828125 0.03125 0.0453125
2 0.6921875 0.36328125 0.071875 0.175
1 0.6671875 0.57109375 0.13125 0.2546875
1 0.67578125 0.6625 0.175 0.284375
2 0.4875 0.88359375 0.096875 0.2328125
1 0.0234375 0.690625 0.046875 0.278125
2 0.0734375 0.315625 0.0875 0.225
1 0.2734375 0.32734375 0.078125 0.21875
1 0.40625 0.375 0.075 0.21875
1 0.35546875 0.52578125 0.1265625 0.2640625
1 0.228125 0.5859375 0.0875 0.240625
1 0.7125 0.6140625 0.1 0.284375
1 0.540625 0.51875 0.11875 0.25625