2 0.2390625 0.42421875 0.096875 0.2078125
2 0.6640625 0.24765625 0.08125 0.1671875
2 0.77421875 0.79921875 0.0765625 0.146875
0 0.7265625 0.428125 0.021875 0.03125
1 0.70546875 0.428125 0.134375 0.2
1 0.66328125 0.396875 0.1109375 0.25
1 0.68046875 0.3421875 0.0625 0.184375
1 0.75234375 0.30859375 0.0796875 0.1859375
1 0.85546875 0.64453125 0.13125 0.265625
1 0.6828125 0.54921875 0.1 0.2375
1 0.43828125 0.4640625 0.128125 0.23125
1 0.3578125 0.56640625 0.09375 0.2296875
1 0.29609375 0.53984375 0.0890625 0.2421875
1 0.1640625 0.765625 0.13125 0.26875