0 0.5890625 0.1796875 0.0234375 0.0359375
1 0.64296875 0.3546875 0.10625 0.29375
1 0.60390625 0.3578125 0.0828125 0.3703125
1 0.70234375 0.51953125 0.078125 0.2515625
2 0.05703125 0.27421875 0.059375 0.228125
2 0.80859375 0.46484375 0.0625 0.25
2 0.50234375 0.7984375 0.0703125 0.121875
1 0.25859375 0.7234375 0.10625 0.3046875
1 0.33828125 0.29375 0.0796875 0.2234375
1 0.3796875 0.4703125 0.075 0.2703125
1 0.40859375 0.6515625 0.084375 0.3078125
1 0.53046875 0.4546875 0.084375 0.2421875
1 0.575 0.475 0.0890625 0.2640625