2 0.965625 0.45546875 0.06875 0.275
2 0.39296875 0.7328125 0.078125 0.225
2 0.2328125 0.1640625 0.065625 0.221875
1 0.75234375 0.565625 0.084375 0.30625
1 0.7171875 0.5234375 0.1296875 0.2765625
1 0.60546875 0.44609375 0.1015625 0.259375
1 0.58203125 0.4265625 0.075 0.30625
1 0.37734375 0.16484375 0.06875 0.203125
1 0.39453125 0.3828125 0.1328125 0.225
1 0.384375 0.55859375 0.1015625 0.2640625
1 0.27421875 0.49765625 0.0859375 0.240625
1 0.2421875 0.52265625 0.1296875 0.278125
1 0.0390625 0.3046875 0.078125 0.2375