2 0.24609375 0.90546875 0.1015625 0.1890625
2 0.9703125 0.5015625 0.059375 0.2125
1 0.93515625 0.57890625 0.0984375 0.2546875
1 0.803125 0.53359375 0.1 0.2203125
1 0.60234375 0.3 0.059375 0.15625
2 0.40546875 0.33671875 0.0671875 0.1484375
1 0.59609375 0.378125 0.071875 0.190625
1 0.6671875 0.6109375 0.09375 0.215625
1 0.61328125 0.75234375 0.1125 0.2671875
1 0.2234375 0.4765625 0.078125 0.165625
1 0.34765625 0.4875 0.084375 0.184375
1 0.29921875 0.6109375 0.0984375 0.203125
0 0.18203125 0.7015625 0.0234375 0.028125
1 0.153125 0.6765625 0.103125 0.209375