2 0.01796875 0.715625 0.0359375 0.2609375
2 0.671875 0.890625 0.059375 0.21875
1 0.53515625 0.6640625 0.090625 0.246875
1 0.7109375 0.7203125 0.0828125 0.2375
1 0.6875 0.509375 0.0453125 0.2078125
1 0.8578125 0.45625 0.06875 0.2171875
1 0.75 0.3109375 0.0421875 0.2
1 0.58125 0.29765625 0.0609375 0.203125
1 0.5390625 0.425 0.0546875 0.2140625
1 0.50078125 0.4375 0.078125 0.209375
1 0.42265625 0.48515625 0.0703125 0.2125
1 0.3734375 0.5828125 0.1046875 0.2296875
1 0.24375 0.64921875 0.075 0.2609375