0 0.78828125 0.38046875 0.015625 0.03125
2 0.75234375 0.20859375 0.05 0.196875
1 0.5125 0.2109375 0.0484375 0.1984375
2 0.0515625 0.60390625 0.04375 0.225
2 0.65234375 0.72109375 0.0671875 0.184375
1 0.84453125 0.396875 0.0953125 0.2125
1 0.46484375 0.32265625 0.05 0.2
1 0.434375 0.37421875 0.0609375 0.221875
1 0.475 0.4 0.084375 0.228125
1 0.57421875 0.4953125 0.065625 0.234375
1 0.63671875 0.509375 0.078125 0.23125
1 0.65 0.4140625 0.0578125 0.225
1 0.20625 0.68984375 0.053125 0.225
1 0.296875 0.60703125 0.0859375 0.2234375