0 0.61640625 0.13359375 0.021875 0.034375
1 0.64765625 0.3125 0.0890625 0.2890625
1 0.60859375 0.31171875 0.0625 0.3671875
1 0.68515625 0.4828125 0.0625 0.2484375
2 0.07890625 0.159375 0.0453125 0.225
2 0.796875 0.4421875 0.046875 0.246875
2 0.45234375 0.73203125 0.0640625 0.1171875
1 0.2203125 0.628125 0.0890625 0.2984375
1 0.35390625 0.21484375 0.065625 0.2203125
1 0.37265625 0.39296875 0.059375 0.2671875
1 0.378125 0.5765625 0.0671875 0.3046875
1 0.52421875 0.396875 0.0703125 0.2390625
1 0.5640625 0.42265625 0.0734375 0.259375