2 0.5671875 0.78671875 0.06875 0.1078125
2 0.77578125 0.3125 0.08125 0.2625
2 0.01484375 0.284375 0.0296875 0.240625
1 0.3015625 0.565625 0.1578125 0.2671875
1 0.2734375 0.5484375 0.1390625 0.259375
1 0.44765625 0.44609375 0.1109375 0.2359375
1 0.49296875 0.37890625 0.1609375 0.2671875
1 0.47734375 0.19921875 0.0828125 0.2203125
1 0.49921875 0.2890625 0.0921875 0.2359375
1 0.66015625 0.490625 0.103125 0.2984375
1 0.5875 0.55234375 0.1140625 0.284375
1 0.52734375 0.73984375 0.09375 0.20625
0 0.45625 0.4484375 0.0265625 0.034375