2 0.2703125 0.20546875 0.078125 0.2109375
1 0.07109375 0.62890625 0.109375 0.2796875
2 0.6203125 0.715625 0.090625 0.19375
0 0.1515625 0.31640625 0.0265625 0.0453125
1 0.88515625 0.62109375 0.125 0.2609375
1 0.646875 0.51328125 0.09375 0.234375
1 0.58125 0.34140625 0.0796875 0.225
1 0.553125 0.3796875 0.075 0.24375
1 0.315625 0.33203125 0.0890625 0.2015625
1 0.34375 0.48515625 0.1109375 0.2609375
1 0.3875 0.50625 0.125 0.2578125
1 0.2171875 0.3421875 0.10625 0.2359375
1 0.30234375 0.54453125 0.0859375 0.28125