0 0.50234375 0.45 0.028125 0.0421875
2 0.15859375 0.30859375 0.0828125 0.2234375
2 0.73203125 0.23671875 0.0703125 0.246875
2 0.56640625 0.8890625 0.071875 0.2171875
1 0.80859375 0.72265625 0.1 0.2765625
1 0.678125 0.671875 0.1421875 0.3296875
1 0.61171875 0.66796875 0.0953125 0.3140625
1 0.70703125 0.4640625 0.1140625 0.2734375
1 0.50625 0.19375 0.071875 0.240625
1 0.5328125 0.27890625 0.096875 0.24375
1 0.56328125 0.421875 0.0984375 0.25625
1 0.49609375 0.446875 0.1 0.2140625
1 0.2921875 0.57109375 0.109375 0.2890625
1 0.128125 0.64765625 0.115625 0.3140625