0 0.5359375 0.5078125 0.0265625 0.040625
2 0.81875 0.30625 0.084375 0.209375
2 0.28203125 0.3640625 0.071875 0.2296875
2 0.5703125 0.90859375 0.0703125 0.1796875
1 0.3171875 0.82109375 0.1015625 0.2578125
1 0.42421875 0.74765625 0.1421875 0.309375
1 0.484375 0.72890625 0.0984375 0.2921875
1 0.35390625 0.56484375 0.1140625 0.25625
1 0.478125 0.27734375 0.0734375 0.225
1 0.47109375 0.36015625 0.0984375 0.2296875
1 0.47421875 0.49609375 0.0984375 0.240625
1 0.540625 0.503125 0.1 0.2015625
1 0.753125 0.5734375 0.109375 0.2703125
1 0.91875 0.6078125 0.1171875 0.2953125