2 0.36796875 0.7921875 0.0953125 0.290625
2 0.29765625 0.27109375 0.0828125 0.2078125
0 0.51328125 0.3078125 0.015625 0.03125
2 0.9109375 0.31640625 0.084375 0.2140625
1 0.87265625 0.59921875 0.1015625 0.2796875
1 0.7734375 0.5375 0.1125 0.265625
1 0.678125 0.51796875 0.10625 0.2640625
1 0.62421875 0.459375 0.0875 0.25625
1 0.5359375 0.26953125 0.090625 0.2703125
1 0.5203125 0.290625 0.053125 0.140625
1 0.54765625 0.271875 0.1015625 0.31875
1 0.5609375 0.54140625 0.115625 0.2796875
1 0.4375 0.5015625 0.15 0.259375
1 0.1125 0.71328125 0.13125 0.303125