0 0.64765625 0.65078125 0.0265625 0.0453125
2 0.86640625 0.76796875 0.0890625 0.2796875
2 0.70078125 0.1078125 0.0671875 0.203125
1 0.62109375 0.18671875 0.1109375 0.2578125
1 0.48046875 0.2265625 0.0765625 0.24375
1 0.38203125 0.41875 0.1046875 0.2875
1 0.3953125 0.44375 0.134375 0.284375
1 0.44140625 0.4859375 0.09375 0.29375
1 0.2984375 0.46953125 0.1125 0.3203125
1 0.58828125 0.58515625 0.1296875 0.2171875
1 0.64296875 0.60625 0.1234375 0.253125
1 0.78125 0.47890625 0.109375 0.2578125
1 0.8734375 0.540625 0.090625 0.275