2 0.7734375 0.24453125 0.0859375 0.21875
2 0.58984375 0.7078125 0.084375 0.159375
2 0.040625 0.2875 0.08125 0.215625
0 0.15078125 0.39140625 0.0265625 0.0421875
1 0.24765625 0.2625 0.0734375 0.190625
1 0.171875 0.528125 0.1078125 0.2921875
1 0.271875 0.52890625 0.1125 0.240625
1 0.33046875 0.51953125 0.1 0.29375
1 0.3359375 0.375 0.0890625 0.2375
1 0.45546875 0.28046875 0.1015625 0.228125
1 0.578125 0.203125 0.0734375 0.1421875
1 0.6078125 0.33203125 0.0984375 0.246875
1 0.775 0.4703125 0.1140625 0.2421875
1 0.7796875 0.6625 0.1265625 0.2390625