2 0.5671875 0.78671875 0.071875 0.109375
2 0.77578125 0.3125 0.096875 0.265625
2 0.0203125 0.284375 0.040625 0.240625
1 0.3015625 0.565625 0.1875 0.28125
1 0.2734375 0.5484375 0.1625 0.271875
1 0.44765625 0.44609375 0.1296875 0.24375
1 0.49296875 0.37890625 0.1828125 0.2796875
1 0.47734375 0.19921875 0.0953125 0.2234375
1 0.49921875 0.2890625 0.0953125 0.234375
1 0.66015625 0.490625 0.1375 0.30625
1 0.5875 0.55234375 0.1375 0.2921875
1 0.52734375 0.73984375 0.1171875 0.2140625
0 0.45625 0.4484375 0.03125 0.0375