1 0.45546875 0.55 0.134375 0.2109375
1 0.64140625 0.37890625 0.0859375 0.1890625
1 0.14296875 0.64921875 0.1015625 0.2015625
1 0.40703125 0.459375 0.0890625 0.196875
1 0.5296875 0.3734375 0.096875 0.2140625
1 0.6640625 0.59609375 0.109375 0.1890625
2 0.9703125 0.478125 0.059375 0.2296875
2 0.68828125 0.7484375 0.1546875 0.2546875
1 0.1578125 0.41484375 0.078125 0.203125
1 0.65078125 0.58359375 0.11875 0.19375
1 0.62890625 0.28671875 0.053125 0.109375
1 0.45 0.2890625 0.0828125 0.19375
2 0.3 0.3375 0.08125 0.196875
0 0.63828125 0.5984375 0.0265625 0.034375