2 0.178125 0.26171875 0.1 0.2265625
2 0.33359375 0.69140625 0.0921875 0.18125
0 0.5703125 0.34140625 0.0234375 0.040625
1 0.36015625 0.19765625 0.0828125 0.2203125
1 0.36796875 0.36796875 0.0875 0.228125
1 0.27578125 0.52890625 0.096875 0.25
1 0.4390625 0.5328125 0.1203125 0.2859375
1 0.5609375 0.465625 0.1046875 0.25
1 0.5890625 0.565625 0.13125 0.275
1 0.634375 0.484375 0.103125 0.23125
1 0.72265625 0.34140625 0.1140625 0.2328125
1 0.7921875 0.36015625 0.121875 0.2515625
1 0.83203125 0.58515625 0.0984375 0.2453125
2 0.87421875 0.28203125 0.0875 0.196875