2 0.06328125 0.534375 0.0765625 0.225
2 0.61640625 0.7234375 0.0515625 0.14375
0 0.84453125 0.33984375 0.015625 0.0203125
1 0.8578125 0.45078125 0.05625 0.2078125
1 0.8296875 0.365625 0.059375 0.21875
1 0.7515625 0.46171875 0.10625 0.2171875
1 0.70078125 0.334375 0.0578125 0.21875
2 0.6609375 0.2390625 0.04375 0.18125
1 0.46484375 0.259375 0.0765625 0.165625
1 0.49921875 0.38984375 0.0671875 0.2265625
1 0.4640625 0.37265625 0.065625 0.2265625
1 0.46484375 0.59609375 0.0453125 0.2515625
1 0.51171875 0.6421875 0.0796875 0.26875
1 0.540625 0.446875 0.08125 0.165625