2 0.484375 0.93671875 0.10625 0.1265625
2 0.1421875 0.74765625 0.128125 0.3421875
1 0.15078125 0.9125 0.1109375 0.175
1 0.3828125 0.69609375 0.121875 0.4015625
1 0.50546875 0.6640625 0.1140625 0.36875
1 0.70390625 0.44609375 0.1171875 0.3265625
1 0.66015625 0.2796875 0.0765625 0.278125
1 0.62265625 0.446875 0.1 0.325
1 0.54921875 0.35390625 0.0671875 0.315625
1 0.46171875 0.471875 0.1171875 0.35625
0 0.3734375 0.346875 0.025 0.04375
1 0.365625 0.55859375 0.0875 0.3234375
1 0.40234375 0.5453125 0.1 0.371875