2 0.80703125 0.325 0.0734375 0.203125
1 0.68515625 0.41484375 0.1078125 0.234375
1 0.68046875 0.27890625 0.06875 0.19375
1 0.63046875 0.42578125 0.078125 0.2359375
2 0.465625 0.7328125 0.06875 0.1328125
1 0.63046875 0.62109375 0.0875 0.2171875
1 0.6234375 0.71484375 0.0765625 0.2078125
1 0.4640625 0.31171875 0.128125 0.19375
1 0.365625 0.43203125 0.075 0.2078125
2 0.2203125 0.19609375 0.071875 0.1984375
1 0.17578125 0.5296875 0.0953125 0.2515625
1 0.2984375 0.50703125 0.0796875 0.2421875
0 0.26171875 0.29140625 0.01875 0.03125
1 0.24453125 0.321875 0.0859375 0.21875