2 0.834375 0.20390625 0.0625 0.1796875
1 0.9578125 0.40078125 0.0640625 0.2046875
1 0.59921875 0.4078125 0.078125 0.2109375
1 0.4421875 0.225 0.0515625 0.153125
1 0.29765625 0.5375 0.0859375 0.2078125
2 0.41953125 0.7234375 0.0609375 0.1859375
1 0.1515625 0.66328125 0.0875 0.215625
0 0.33203125 0.26875 0.0171875 0.0265625
1 0.37890625 0.409375 0.0875 0.1890625
1 0.390625 0.4390625 0.071875 0.1890625
1 0.38671875 0.37421875 0.0703125 0.2046875
1 0.36796875 0.30078125 0.0375 0.090625
1 0.3453125 0.3296875 0.0625 0.2
2 0.2796875 0.290625 0.05625 0.16875