0 0.5828125 0.68203125 0.0203125 0.0359375
2 0.68359375 0.8078125 0.0734375 0.2265625
2 0.715625 0.3171875 0.0359375 0.1578125
2 0.11171875 0.33046875 0.0546875 0.178125
1 0.21640625 0.4546875 0.0640625 0.2328125
1 0.34765625 0.4765625 0.0625 0.2109375
1 0.54765625 0.64296875 0.0921875 0.1765625
1 0.6421875 0.60078125 0.0609375 0.19375
1 0.66328125 0.60703125 0.040625 0.2515625
1 0.60390625 0.3296875 0.0421875 0.175
1 0.58359375 0.34921875 0.0765625 0.15625
1 0.540625 0.371875 0.078125 0.1828125
1 0.57734375 0.41015625 0.05625 0.184375