1 0.875 0.66484375 0.125 0.275
0 0.31796875 0.69921875 0.0234375 0.0296875
1 0.23515625 0.50390625 0.1046875 0.1859375
2 0.20234375 0.45703125 0.075 0.1875
2 0.68828125 0.84453125 0.1015625 0.2296875
2 0.7203125 0.3765625 0.065625 0.171875
1 0.465625 0.3421875 0.11875 0.190625
1 0.51171875 0.45390625 0.096875 0.1984375
1 0.38515625 0.59609375 0.1203125 0.2046875
1 0.31328125 0.696875 0.1359375 0.24375
1 0.459375 0.86484375 0.175 0.2703125
1 0.47578125 0.6390625 0.1125 0.2
1 0.571875 0.68828125 0.125 0.2484375
1 0.67265625 0.53125 0.1234375 0.2375