2 0.8875 0.43515625 0.096875 0.2390625
2 0.56796875 0.79921875 0.0890625 0.190625
0 0.46953125 0.36328125 0.0234375 0.0421875
1 0.7328125 0.30234375 0.078125 0.2328125
1 0.659375 0.46640625 0.0828125 0.2421875
1 0.6875 0.6609375 0.0921875 0.2640625
1 0.52421875 0.60234375 0.1140625 0.3015625
1 0.43125 0.48984375 0.0984375 0.2640625
1 0.36328125 0.57890625 0.1265625 0.290625
1 0.35078125 0.48046875 0.1 0.24375
1 0.31796875 0.30625 0.109375 0.2453125
1 0.24296875 0.3 0.1171875 0.265625
1 0.115625 0.5046875 0.0921875 0.259375
2 0.190625 0.19140625 0.084375 0.2078125