2 0.1265625 0.82890625 0.0890625 0.21875
2 0.946875 0.6671875 0.0703125 0.2078125
1 0.878125 0.7234375 0.0875 0.246875
1 0.76875 0.6390625 0.0796875 0.2125
1 0.65703125 0.359375 0.0609375 0.153125
2 0.46171875 0.33203125 0.0515625 0.140625
1 0.6265625 0.43046875 0.059375 0.184375
1 0.61796875 0.66875 0.078125 0.20625
1 0.521875 0.7828125 0.1140625 0.2625
1 0.246875 0.40390625 0.065625 0.1578125
1 0.359375 0.45390625 0.065625 0.1765625
1 0.27421875 0.55234375 0.0796875 0.1953125
0 0.13671875 0.60078125 0.0203125 0.028125
1 0.1171875 0.56796875 0.0875 0.1984375