2 0.42734375 0.93203125 0.0953125 0.1296875
2 0.09609375 0.7109375 0.090625 0.3359375
1 0.09140625 0.89296875 0.09375 0.2
1 0.34296875 0.67578125 0.08125 0.3984375
1 0.4703125 0.65078125 0.0640625 0.3671875
1 0.6859375 0.44453125 0.0890625 0.3234375
1 0.6546875 0.2734375 0.0640625 0.2796875
1 0.6046875 0.4390625 0.0796875 0.3234375
1 0.5375 0.340625 0.046875 0.315625
1 0.4390625 0.4546875 0.0859375 0.353125
0 0.36015625 0.32265625 0.0234375 0.04375
1 0.3359375 0.53515625 0.06875 0.3234375
1 0.37421875 0.52421875 0.0609375 0.371875