2 0.67265625 0.22734375 0.0609375 0.190625
0 0.30625 0.29921875 0.021875 0.034375
2 0.1625 0.56484375 0.090625 0.21875
1 0.3453125 0.4625 0.071875 0.225
1 0.31875 0.640625 0.0640625 0.253125
1 0.38984375 0.675 0.0734375 0.2484375
1 0.6328125 0.66015625 0.08125 0.259375
1 0.70234375 0.365625 0.05625 0.2171875
1 0.80234375 0.565625 0.0734375 0.2484375
1 0.95078125 0.63125 0.08125 0.275
1 0.97890625 0.4015625 0.0421875 0.2296875
2 0.8875 0.80625 0.0625 0.146875
1 0.3015625 0.33359375 0.115625 0.2671875