2 0.43828125 0.75625 0.059375 0.1046875
2 0.1921875 0.29375 0.0578125 0.2640625
2 0.9765625 0.20546875 0.046875 0.24375
1 0.68984375 0.51328125 0.1359375 0.2625
1 0.7171875 0.49296875 0.1171875 0.2546875
1 0.5328125 0.40390625 0.090625 0.234375
1 0.48203125 0.33984375 0.1390625 0.2625
1 0.484375 0.15703125 0.0625 0.2203125
1 0.46953125 0.24765625 0.0703125 0.2359375
1 0.32265625 0.46484375 0.0765625 0.3
1 0.4 0.521875 0.0890625 0.284375
1 0.475 0.70625 0.075 0.2046875
0 0.525 0.40703125 0.025 0.0328125