2 0.71640625 0.23125 0.0578125 0.2015625
1 0.94375 0.62265625 0.0828125 0.265625
2 0.42421875 0.7515625 0.071875 0.1828125
0 0.83984375 0.328125 0.021875 0.0421875
1 0.16015625 0.6828125 0.1 0.246875
1 0.38046875 0.56015625 0.0734375 0.221875
1 0.42890625 0.38828125 0.059375 0.2140625
1 0.459375 0.42265625 0.0515625 0.2328125
1 0.684375 0.35703125 0.0703125 0.190625
1 0.66953125 0.50703125 0.0875 0.2484375
1 0.62890625 0.5296875 0.1 0.24375
1 0.77890625 0.35859375 0.084375 0.2234375
1 0.71484375 0.559375 0.0609375 0.2703125