2 0.87109375 0.3609375 0.115625 0.23125
1 0.73359375 0.45390625 0.1578125 0.271875
1 0.73515625 0.3046875 0.1046875 0.221875
1 0.67421875 0.46328125 0.1265625 0.2671875
2 0.47734375 0.78984375 0.0921875 0.1546875
1 0.6640625 0.6765625 0.121875 0.246875
1 0.65078125 0.778125 0.1234375 0.2375
1 0.496875 0.3296875 0.171875 0.23125
1 0.384375 0.45625 0.09375 0.23125
2 0.23828125 0.19140625 0.1015625 0.2234375
1 0.17265625 0.553125 0.1265625 0.28125
1 0.3078125 0.53515625 0.11875 0.271875
0 0.27734375 0.29765625 0.0265625 0.0359375
1 0.2578125 0.33046875 0.134375 0.2515625