0 0.5390625 0.21015625 0.0125 0.0234375
1 0.5421875 0.296875 0.04375 0.1703125
1 0.5703125 0.3453125 0.0625 0.1890625
1 0.7515625 0.32890625 0.04375 0.153125
1 0.72265625 0.584375 0.0484375 0.2234375
1 0.74375 0.72265625 0.08125 0.2828125
2 0.66796875 0.8140625 0.06875 0.25625
1 0.428125 0.746875 0.0734375 0.25625
1 0.4734375 0.590625 0.05 0.240625
1 0.45546875 0.47109375 0.0734375 0.21875
1 0.3109375 0.503125 0.0625 0.21875
1 0.33828125 0.55625 0.0578125 0.2203125
1 0.15625 0.5765625 0.059375 0.2203125
2 0.03828125 0.38359375 0.05625 0.1921875