2 0.24609375 0.18203125 0.0859375 0.2015625
2 0.928125 0.3015625 0.1109375 0.2296875
1 0.8984375 0.68125 0.16875 0.290625
1 0.78046875 0.56484375 0.1296875 0.29375
1 0.43125 0.41640625 0.096875 0.2171875
2 0.20859375 0.70078125 0.09375 0.196875
0 0.4375 0.39296875 0.025 0.040625
1 0.25859375 0.45 0.1234375 0.2703125
1 0.375 0.3484375 0.140625 0.275
1 0.36953125 0.47421875 0.1171875 0.2703125
1 0.4125 0.3890625 0.0765625 0.196875
1 0.48046875 0.35859375 0.115625 0.221875
1 0.47578125 0.4828125 0.1546875 0.275