2 0.778125 0.2671875 0.0578125 0.20625
1 0.67265625 0.3828125 0.090625 0.2375
1 0.64140625 0.246875 0.0546875 0.196875
1 0.61953125 0.40546875 0.059375 0.2390625
2 0.51328125 0.74609375 0.059375 0.134375
1 0.65859375 0.6015625 0.071875 0.2203125
1 0.66875 0.696875 0.0609375 0.2109375
1 0.42890625 0.3234375 0.1171875 0.1921875
1 0.35390625 0.46484375 0.059375 0.209375
2 0.16171875 0.25703125 0.0578125 0.2
1 0.18125 0.60078125 0.0765625 0.25625
1 0.30078125 0.553125 0.0609375 0.2453125
0 0.22109375 0.34375 0.0171875 0.03125
1 0.21015625 0.378125 0.06875 0.2234375