1 0.2 0.853125 0.140625 0.29375
0 0.26640625 0.5203125 0.0328125 0.046875
2 0.31171875 0.39765625 0.0609375 0.1671875
1 0.34921875 0.596875 0.1453125 0.253125
1 0.34609375 0.68515625 0.1609375 0.2703125
2 0.5390625 0.88515625 0.125 0.2296875
1 0.975 0.671875 0.05 0.271875
2 0.90625 0.315625 0.078125 0.215625
1 0.7140625 0.3390625 0.096875 0.215625
1 0.58828125 0.39140625 0.0859375 0.2140625
1 0.64609375 0.53515625 0.134375 0.2578125
1 0.77265625 0.5859375 0.1109375 0.2375
1 0.30703125 0.63984375 0.1296875 0.28125
1 0.4671875 0.53828125 0.10625 0.24375