2 0.17890625 0.8546875 0.0859375 0.228125
2 0.9828125 0.59609375 0.034375 0.2109375
1 0.9390625 0.66484375 0.078125 0.2546875
1 0.8171875 0.58984375 0.059375 0.2171875
1 0.6703125 0.31484375 0.053125 0.1578125
2 0.46640625 0.30703125 0.0484375 0.1453125
1 0.64765625 0.390625 0.059375 0.19375
1 0.665625 0.63671875 0.06875 0.2140625
1 0.58046875 0.76484375 0.1078125 0.2703125
1 0.25546875 0.4046875 0.0703125 0.165625
1 0.375 0.44296875 0.071875 0.184375
1 0.29921875 0.5546875 0.0828125 0.203125
0 0.1640625 0.61875 0.01875 0.028125
1 0.13984375 0.5875 0.08125 0.203125