2 0.746875 0.40859375 0.040625 0.1875
2 0.3234375 0.29765625 0.0421875 0.15
2 0.29765625 0.82890625 0.05 0.13125
0 0.290625 0.475 0.015625 0.0296875
1 0.31015625 0.471875 0.084375 0.1671875
1 0.3453125 0.43671875 0.0671875 0.228125
1 0.321875 0.3890625 0.0328125 0.171875
1 0.2484375 0.36640625 0.0359375 0.16875
1 0.20078125 0.69375 0.0671875 0.234375
1 0.3484375 0.5828125 0.0453125 0.2140625
1 0.56640625 0.47109375 0.0703125 0.2046875
1 0.65625 0.55859375 0.0515625 0.209375
1 0.709375 0.5265625 0.0390625 0.221875
1 0.8671875 0.7203125 0.0671875 0.2375