2 0.37109375 0.22265625 0.10625 0.2015625
0 0.721875 0.340625 0.025 0.0375
2 0.83203125 0.6203125 0.1328125 0.228125
1 0.6640625 0.4953125 0.1 0.225
1 0.66796875 0.67421875 0.1046875 0.25625
1 0.59375 0.6984375 0.1125 0.25
1 0.3578125 0.6515625 0.125 0.2625
1 0.32578125 0.35234375 0.109375 0.2234375
1 0.20390625 0.53671875 0.1140625 0.2515625
1 0.05703125 0.57890625 0.1140625 0.2796875
1 0.046875 0.35 0.09375 0.234375
2 0.09140625 0.76171875 0.090625 0.1546875
1 0.72265625 0.375 0.1640625 0.28125