2 0.61875 0.84453125 0.0875 0.2953125
2 0.14921875 0.3234375 0.0578125 0.215625
0 0.5765625 0.303125 0.0171875 0.03125
1 0.68671875 0.79453125 0.084375 0.2390625
1 0.69453125 0.61640625 0.06875 0.190625
1 0.61171875 0.5015625 0.096875 0.271875
1 0.57890625 0.36484375 0.059375 0.18125
1 0.53828125 0.28828125 0.0546875 0.209375
1 0.2765625 0.621875 0.075 0.340625
1 0.175 0.38515625 0.0515625 0.228125
1 0.34765625 0.471875 0.059375 0.25
1 0.440625 0.43984375 0.08125 0.2359375
1 0.44375 0.5796875 0.0640625 0.2703125