2 0.4578125 0.7765625 0.071875 0.109375
2 0.80625 0.38515625 0.10625 0.271875
2 0.0703125 0.11640625 0.08125 0.2328125
1 0.27109375 0.48046875 0.1640625 0.2734375
1 0.2484375 0.4546875 0.15625 0.26875
1 0.44921875 0.41015625 0.1203125 0.2421875
1 0.5140625 0.36015625 0.190625 0.2859375
1 0.5546875 0.18203125 0.1 0.228125
1 0.54765625 0.275 0.1015625 0.24375
1 0.63828125 0.52109375 0.115625 0.3046875
1 0.55078125 0.5578125 0.1484375 0.3
1 0.43359375 0.71953125 0.1 0.2125
0 0.45703125 0.415625 0.0296875 0.0375