2 0.71328125 0.72265625 0.0609375 0.115625
2 0.06171875 0.5328125 0.053125 0.278125
0 0.340625 0.1484375 0.021875 0.0375
1 0.33203125 0.3046875 0.08125 0.309375
1 0.40390625 0.3625 0.0578125 0.259375
1 0.64140625 0.3453125 0.075 0.246875
1 0.471875 0.14375 0.065625 0.225
1 0.7171875 0.309375 0.103125 0.253125
2 0.76875 0.15390625 0.053125 0.2203125
1 0.6671875 0.503125 0.0671875 0.3
1 0.3671875 0.440625 0.053125 0.271875
1 0.5375 0.478125 0.0890625 0.2984375
1 0.27578125 0.54453125 0.05625 0.265625
1 0.24296875 0.6390625 0.1140625 0.2875