1 0.8484375 0.79765625 0.096875 0.2171875
1 0.70390625 0.5375 0.1078125 0.225
2 0.721875 0.3546875 0.0546875 0.1703125
1 0.65546875 0.478125 0.0953125 0.234375
1 0.596875 0.49453125 0.0765625 0.2265625
1 0.5484375 0.52109375 0.0765625 0.2125
1 0.48671875 0.65703125 0.1 0.221875
1 0.43359375 0.73828125 0.0984375 0.23125
2 0.628125 0.81875 0.0859375 0.2109375
1 0.32890625 0.384375 0.06875 0.1953125
1 0.284375 0.37109375 0.0890625 0.2140625
2 0.13515625 0.2859375 0.0984375 0.1796875
2 0.10546875 0.5421875 0.0984375 0.240625