2 0.1625 0.28828125 0.06875 0.2328125
2 0.43359375 0.68828125 0.0671875 0.184375
0 0.58359375 0.2703125 0.01875 0.040625
1 0.33203125 0.1765625 0.0515625 0.228125
1 0.38359375 0.34765625 0.0546875 0.2375
1 0.33203125 0.53671875 0.0609375 0.2578125
1 0.5 0.4984375 0.0796875 0.29375
1 0.60703125 0.4 0.06875 0.2578125
1 0.66171875 0.49609375 0.09375 0.28125
1 0.68671875 0.40078125 0.071875 0.2375
1 0.73984375 0.23359375 0.0828125 0.2359375
1 0.81640625 0.2359375 0.0875 0.25625
1 0.91640625 0.4546875 0.0625 0.2546875
2 0.8796875 0.134375 0.059375 0.2015625