2 0.8625 0.35625 0.084375 0.221875
1 0.73125 0.45546875 0.1203125 0.25625
1 0.725 0.30625 0.078125 0.2125
1 0.671875 0.4671875 0.0890625 0.2578125
2 0.4953125 0.8015625 0.0765625 0.146875
1 0.67421875 0.68125 0.0984375 0.2375
1 0.6671875 0.78359375 0.0875 0.228125
1 0.4875 0.34140625 0.14375 0.2125
1 0.3828125 0.47421875 0.084375 0.2265625
2 0.22109375 0.215625 0.08125 0.2171875
1 0.1765625 0.58046875 0.1078125 0.2765625
1 0.31015625 0.55625 0.0890625 0.2640625
0 0.2671875 0.3203125 0.021875 0.034375
1 0.24921875 0.35390625 0.0953125 0.2390625