2 0.6859375 0.78359375 0.0578125 0.115625
2 0.0203125 0.6015625 0.0359375 0.2828125
0 0.28359375 0.2046875 0.021875 0.0375
1 0.28125 0.365625 0.0734375 0.3125
1 0.35546875 0.42265625 0.0515625 0.2625
1 0.596875 0.40078125 0.0703125 0.2484375
1 0.41640625 0.19921875 0.0609375 0.2265625
1 0.6734375 0.3625 0.0984375 0.253125
2 0.71796875 0.203125 0.0484375 0.221875
1 0.6296875 0.56171875 0.059375 0.3015625
1 0.32265625 0.50234375 0.0453125 0.275
1 0.496875 0.5375 0.08125 0.3
1 0.23359375 0.61015625 0.0484375 0.26875
1 0.20390625 0.70625 0.1078125 0.2875