2 0.1984375 0.25078125 0.0515625 0.1953125
2 0.47890625 0.7328125 0.0578125 0.165625
1 0.2046875 0.6796875 0.0703125 0.265625
1 0.225 0.59453125 0.09375 0.265625
0 0.3765625 0.4046875 0.0171875 0.0296875
1 0.39453125 0.5125 0.0625 0.2234375
1 0.4171875 0.4359375 0.05625 0.275
1 0.44140625 0.31328125 0.05 0.2203125
1 0.47109375 0.18515625 0.0578125 0.2
1 0.6328125 0.3015625 0.06875 0.1890625
1 0.59765625 0.35234375 0.059375 0.2375
1 0.5828125 0.46875 0.090625 0.25
1 0.67421875 0.5046875 0.078125 0.2359375
2 0.82421875 0.23203125 0.065625 0.1953125