2 0.1484375 0.30859375 0.09375 0.21875
1 0.284375 0.39609375 0.1328125 0.2546875
1 0.27890625 0.25078125 0.0875 0.2078125
1 0.34296875 0.4046875 0.1015625 0.2515625
2 0.53984375 0.71796875 0.084375 0.1453125
1 0.35546875 0.6125 0.1109375 0.234375
1 0.37109375 0.71171875 0.0984375 0.2234375
1 0.5125 0.26953125 0.1515625 0.2140625
1 0.62578125 0.39140625 0.096875 0.221875
2 0.76328125 0.12890625 0.0921875 0.2125
1 0.834375 0.48046875 0.1203125 0.271875
1 0.7015625 0.465625 0.103125 0.259375
0 0.7265625 0.2328125 0.021875 0.034375
1 0.746875 0.26484375 0.1078125 0.2359375