2 0.74921875 0.17265625 0.078125 0.2078125
2 0.52109375 0.709375 0.08125 0.178125
1 0.79765625 0.61796875 0.1046875 0.2828125
1 0.765625 0.5328125 0.1296875 0.2859375
0 0.5828125 0.35625 0.021875 0.03125
1 0.578125 0.4703125 0.090625 0.2375
1 0.54375 0.39375 0.0921875 0.290625
1 0.50390625 0.26953125 0.0796875 0.2328125
1 0.45625 0.14140625 0.084375 0.2140625
1 0.3015625 0.284375 0.09375 0.2046875
1 0.346875 0.33203125 0.0890625 0.2515625
1 0.378125 0.45 0.1234375 0.2703125
1 0.2875 0.4984375 0.109375 0.253125
2 0.09375 0.2375 0.0921875 0.209375