2 0.296875 0.334375 0.0421875 0.165625
1 0.61484375 0.584375 0.0953125 0.1921875
2 0.43515625 0.73125 0.046875 0.1671875
1 0.753125 0.375 0.0375 0.159375
1 0.56328125 0.60859375 0.0734375 0.215625
2 0.9046875 0.31171875 0.0390625 0.1625
1 0.45390625 0.3203125 0.0609375 0.1734375
1 0.4921875 0.27890625 0.059375 0.1703125
1 0.5734375 0.2734375 0.046875 0.1546875
1 0.5265625 0.3640625 0.0625 0.1734375
1 0.58125 0.43359375 0.075 0.1546875
1 0.64140625 0.49609375 0.071875 0.2015625
1 0.66953125 0.48515625 0.065625 0.2125