0 0.540625 0.78203125 0.028125 0.040625
1 0.42734375 0.28125 0.0671875 0.203125
1 0.375 0.42265625 0.06875 0.234375
1 0.4609375 0.6203125 0.109375 0.259375
1 0.5359375 0.6421875 0.103125 0.303125
1 0.57734375 0.64296875 0.0671875 0.2296875
1 0.60390625 0.740625 0.1546875 0.24375
1 0.72265625 0.45546875 0.0734375 0.2265625
1 0.73671875 0.35703125 0.0921875 0.221875
1 0.5859375 0.41328125 0.08125 0.2140625
1 0.80703125 0.39921875 0.0703125 0.2203125
2 0.6171875 0.88515625 0.1 0.2265625
2 0.63125 0.26953125 0.071875 0.2015625