1 0.2828125 0.63203125 0.084375 0.2390625
1 0.428125 0.53515625 0.0625 0.2046875
1 0.5140625 0.36875 0.06875 0.19375
1 0.7046875 0.57109375 0.046875 0.2203125
1 0.44765625 0.36171875 0.0390625 0.1765625
1 0.915625 0.69453125 0.065625 0.2234375
2 0.7078125 0.77734375 0.0625 0.2171875
2 0.1234375 0.359375 0.065625 0.184375
1 0.26875 0.3625 0.0375 0.159375
2 0.8125 0.3515625 0.046875 0.153125
1 0.375 0.44765625 0.053125 0.1859375
1 0.38984375 0.4140625 0.0265625 0.128125
1 0.3953125 0.37421875 0.05 0.134375