1 0.6296875 0.51796875 0.059375 0.2359375
1 0.565625 0.65078125 0.09375 0.265625
1 0.31328125 0.46171875 0.05625 0.234375
1 0.396875 0.5015625 0.0453125 0.253125
1 0.13671875 0.3640625 0.028125 0.2046875
2 0.171875 0.78515625 0.0359375 0.190625
1 0.44375 0.45703125 0.0328125 0.2046875
1 0.475 0.44140625 0.0375 0.1640625
1 0.4671875 0.290625 0.03125 0.1640625
2 0.97578125 0.540625 0.0390625 0.2296875
0 0.3390625 0.42734375 0.0109375 0.0265625
2 0.24453125 0.32265625 0.034375 0.159375
1 0.3078125 0.40703125 0.053125 0.1703125