1 0.25078125 0.63671875 0.0484375 0.190625
1 0.28203125 0.57109375 0.0546875 0.2234375
1 0.3796875 0.578125 0.046875 0.19375
1 0.39609375 0.5421875 0.0796875 0.221875
1 0.5734375 0.3890625 0.040625 0.1625
1 0.62109375 0.4859375 0.0453125 0.178125
1 0.69453125 0.5125 0.0578125 0.196875
1 0.76640625 0.53359375 0.071875 0.18125
1 0.740625 0.5 0.05 0.21875
1 0.61328125 0.334375 0.0453125 0.15625
2 0.92890625 0.39296875 0.0453125 0.1890625
2 0.36484375 0.7140625 0.0640625 0.228125
2 0.296875 0.35078125 0.05625 0.1734375
0 0.76484375 0.525 0.0328125 0.05