1 0.4078125 0.58046875 0.090625 0.2671875
1 0.2453125 0.45703125 0.06875 0.246875
1 0.2390625 0.7140625 0.0859375 0.2625
1 0.3296875 0.734375 0.0421875 0.2453125
2 0.37421875 0.78125 0.065625 0.1984375
1 0.72265625 0.43984375 0.04375 0.2375
1 0.67265625 0.49453125 0.059375 0.2515625
1 0.65 0.46953125 0.0328125 0.2578125
1 0.54296875 0.3546875 0.0375 0.196875
2 0.3953125 0.3046875 0.0421875 0.1859375
1 0.76640625 0.428125 0.0296875 0.24375
0 0.78671875 0.45859375 0.025 0.0484375
1 0.02734375 0.48984375 0.0484375 0.25625