1 0.3859375 0.59609375 0.0625 0.2078125
1 0.1640625 0.525 0.0484375 0.234375
1 0.2046875 0.73515625 0.0640625 0.2578125
1 0.7515625 0.5203125 0.059375 0.2421875
1 0.47109375 0.396875 0.0390625 0.1984375
1 0.89375 0.640625 0.065625 0.2578125
1 0.5203125 0.53671875 0.0578125 0.215625
1 0.546875 0.471875 0.0640625 0.221875
2 0.034375 0.84140625 0.06875 0.259375
2 0.38984375 0.31640625 0.034375 0.1703125
1 0.31328125 0.37578125 0.028125 0.1734375
1 0.33984375 0.41953125 0.046875 0.18125
1 0.33984375 0.35859375 0.025 0.1078125
0 0.8015625 0.2765625 0.0359375 0.0703125