2 0.05703125 0.53125 0.0515625 0.2140625
2 0.3234375 0.771875 0.0578125 0.1921875
1 0.40859375 0.65 0.053125 0.20625
1 0.42421875 0.67890625 0.053125 0.21875
1 0.59140625 0.615625 0.075 0.2078125
0 0.5484375 0.50546875 0.0234375 0.0328125
1 0.28515625 0.334375 0.04375 0.2046875
1 0.3015625 0.403125 0.046875 0.196875
1 0.5078125 0.290625 0.0359375 0.1734375
1 0.53359375 0.37734375 0.046875 0.203125
1 0.646875 0.48671875 0.05 0.184375
2 0.6640625 0.30703125 0.046875 0.1734375
1 0.81796875 0.4296875 0.0421875 0.2109375
1 0.7140625 0.65625 0.046875 0.2234375