1 0.196875 0.5234375 0.0625 0.275
1 0.28515625 0.50859375 0.065625 0.275
1 0.45078125 0.584375 0.075 0.278125
1 0.528125 0.59609375 0.078125 0.253125
1 0.4765625 0.4109375 0.0421875 0.0703125
1 0.48515625 0.47734375 0.034375 0.153125
2 0.52421875 0.4453125 0.053125 0.1609375
1 0.5515625 0.4859375 0.0390625 0.234375
1 0.55625 0.4390625 0.059375 0.1953125
0 0.515625 0.36328125 0.0203125 0.034375
1 0.296875 0.46484375 0.046875 0.1984375
2 0.109375 0.278125 0.0625 0.2296875
1 0.9921875 0.4859375 0.015625 0.2890625