1 0.23046875 0.52578125 0.0421875 0.25
1 0.2828125 0.52265625 0.053125 0.2578125
1 0.3296875 0.65546875 0.04375 0.24375
1 0.36484375 0.61015625 0.0390625 0.1328125
1 0.50703125 0.5015625 0.040625 0.3125
1 0.534375 0.54375 0.1015625 0.2109375
1 0.7078125 0.43671875 0.0546875 0.2140625
1 0.70390625 0.6109375 0.04375 0.2515625
1 0.8578125 0.6578125 0.078125 0.2890625
1 0.85703125 0.40390625 0.05625 0.1984375
2 0.315625 0.3328125 0.0421875 0.1890625
0 0.496875 0.534375 0.0296875 0.0421875
2 0.365625 0.7390625 0.053125 0.246875