1 0.8703125 0.5953125 0.078125 0.259375
1 0.3515625 0.621875 0.06875 0.284375
1 0.44453125 0.76015625 0.0625 0.265625
1 0.47421875 0.4359375 0.0703125 0.215625
1 0.48515625 0.6375 0.0625 0.228125
1 0.5546875 0.42265625 0.0625 0.2046875
1 0.1234375 0.59140625 0.05 0.2359375
1 0.521875 0.3875 0.059375 0.21875
2 0.35703125 0.84140625 0.0859375 0.25
1 0.38203125 0.521875 0.0421875 0.25
1 0.3078125 0.503125 0.053125 0.221875
2 0.2859375 0.315625 0.040625 0.171875
2 0.90625 0.34921875 0.040625 0.1890625
0 0.67890625 0.39765625 0.0203125 0.03125