1 0.43125 0.43046875 0.0984375 0.2140625
1 0.6375 0.5984375 0.0515625 0.21875
1 0.75 0.5171875 0.05 0.240625
1 0.3828125 0.39375 0.0953125 0.21875
1 0.3390625 0.521875 0.0671875 0.21875
1 0.25 0.6046875 0.059375 0.2765625
1 0.29453125 0.596875 0.090625 0.246875
1 0.759375 0.70625 0.05 0.2078125
2 0.21953125 0.85703125 0.0640625 0.278125
1 0.28671875 0.55234375 0.03125 0.2203125
1 0.84921875 0.5734375 0.0453125 0.253125
2 0.90078125 0.52734375 0.05625 0.234375
0 0.34453125 0.3578125 0.0203125 0.04375
2 0.32890625 0.27109375 0.0453125 0.175