1 0.6296875 0.51796875 0.075 0.2390625
1 0.565625 0.65078125 0.10625 0.2703125
1 0.31328125 0.46171875 0.0578125 0.234375
1 0.396875 0.5015625 0.053125 0.253125
1 0.13671875 0.3640625 0.0421875 0.203125
2 0.171875 0.78515625 0.05 0.1921875
1 0.44375 0.45703125 0.046875 0.2046875
1 0.475 0.44140625 0.046875 0.165625
1 0.4671875 0.290625 0.040625 0.1625
2 0.97421875 0.53984375 0.0515625 0.2296875
0 0.3390625 0.42734375 0.0125 0.0265625
2 0.24453125 0.32265625 0.0359375 0.159375
1 0.3078125 0.40703125 0.053125 0.1703125