1 0.878125 0.6890625 0.0703125 0.2359375
1 0.5734375 0.43984375 0.0515625 0.2046875
1 0.721875 0.590625 0.0671875 0.240625
1 0.2453125 0.7671875 0.0921875 0.265625
1 0.7375 0.4625 0.0828125 0.21875
1 0.39375 0.534375 0.0640625 0.234375
1 0.528125 0.340625 0.04375 0.196875
1 0.57578125 0.2796875 0.04375 0.190625
1 0.309375 0.66328125 0.046875 0.2625
1 0.359375 0.5734375 0.0734375 0.2625
2 0.4171875 0.82578125 0.0546875 0.246875
2 0.3109375 0.34296875 0.0328125 0.171875
2 0.91484375 0.3203125 0.040625 0.2046875
0 0.771875 0.46015625 0.0171875 0.034375