1 0.3859375 0.59609375 0.065625 0.2078125
1 0.1640625 0.525 0.0625 0.234375
1 0.2046875 0.73515625 0.08125 0.2609375
1 0.7515625 0.5203125 0.0625 0.24375
1 0.47109375 0.396875 0.04375 0.2
1 0.89375 0.640625 0.06875 0.25625
1 0.5203125 0.53671875 0.0625 0.2171875
1 0.546875 0.471875 0.078125 0.225
2 0.0390625 0.840625 0.078125 0.2625
2 0.38984375 0.31640625 0.0453125 0.1703125
1 0.31328125 0.37578125 0.0265625 0.1734375
1 0.33984375 0.41953125 0.0546875 0.1828125
1 0.33984375 0.35859375 0.0296875 0.1078125
0 0.8015625 0.2765625 0.040625 0.071875