1 0.13359375 0.740625 0.1109375 0.303125
1 0.28515625 0.62890625 0.06875 0.271875
1 0.3546875 0.84765625 0.075 0.2671875
1 0.42578125 0.88671875 0.0734375 0.2265625
1 0.39296875 0.50546875 0.1265625 0.2390625
1 0.47578125 0.58359375 0.0921875 0.2484375
1 0.44140625 0.67421875 0.109375 0.2359375
1 0.515625 0.5796875 0.08125 0.25625
0 0.44140625 0.55546875 0.025 0.0265625
1 0.6578125 0.50703125 0.075 0.2453125
1 0.59375 0.31484375 0.071875 0.2046875
2 0.3046875 0.3515625 0.059375 0.2125
1 0.84609375 0.52734375 0.075 0.2796875
1 0.9828125 0.36484375 0.034375 0.2140625