1 0.25078125 0.63671875 0.046875 0.190625
1 0.28203125 0.57109375 0.046875 0.225
1 0.3796875 0.578125 0.0421875 0.19375
1 0.39609375 0.5421875 0.0609375 0.21875
1 0.5734375 0.3890625 0.0359375 0.1625
1 0.62109375 0.4859375 0.04375 0.1796875
1 0.69453125 0.5125 0.0421875 0.1953125
1 0.76640625 0.53359375 0.0703125 0.18125
1 0.740625 0.5 0.0390625 0.2203125
1 0.61328125 0.334375 0.034375 0.1546875
2 0.92890625 0.39296875 0.040625 0.1875
2 0.36484375 0.7140625 0.0578125 0.2265625
2 0.296875 0.35078125 0.0453125 0.171875
0 0.76484375 0.525 0.03125 0.0484375