2 0.48203125 0.80703125 0.0578125 0.1015625
2 0.1953125 0.38125 0.05 0.25625
2 0.96015625 0.2171875 0.0796875 0.2375
1 0.7015625 0.5453125 0.125 0.253125
1 0.72578125 0.52421875 0.1078125 0.2484375
1 0.53828125 0.45390625 0.1 0.2328125
1 0.48203125 0.396875 0.1484375 0.2625
1 0.465625 0.21875 0.078125 0.215625
1 0.46015625 0.31015625 0.078125 0.2328125
1 0.33984375 0.534375 0.0703125 0.29375
1 0.4203125 0.5828125 0.090625 0.28125
1 0.5125 0.7546875 0.06875 0.2
0 0.53046875 0.45859375 0.0265625 0.0328125