2 0.86171875 0.265625 0.0578125 0.18125
1 0.9546875 0.48125 0.05625 0.20625
1 0.59765625 0.43125 0.065625 0.20625
1 0.46796875 0.225 0.0546875 0.15625
1 0.278125 0.5125 0.075 0.203125
2 0.371875 0.71796875 0.06875 0.1875
1 0.1140625 0.61484375 0.0875 0.2140625
0 0.353125 0.2515625 0.01875 0.028125
1 0.37890625 0.39921875 0.078125 0.184375
1 0.3859375 0.4296875 0.078125 0.190625
1 0.39140625 0.36484375 0.0625 0.2046875
1 0.384375 0.2890625 0.03125 0.090625
1 0.3578125 0.31484375 0.065625 0.2015625
2 0.29765625 0.26484375 0.059375 0.1703125