0 0.37890625 0.7765625 0.0328125 0.04375
1 0.59609375 0.28203125 0.0921875 0.221875
1 0.62265625 0.4390625 0.109375 0.253125
1 0.49375 0.62421875 0.153125 0.2859375
1 0.41171875 0.63203125 0.1515625 0.3296875
1 0.36875 0.62421875 0.115625 0.253125
1 0.32265625 0.71953125 0.1796875 0.26875
1 0.25546875 0.40078125 0.0921875 0.24375
1 0.2625 0.29609375 0.109375 0.2390625
1 0.40625 0.38515625 0.09375 0.2296875
1 0.18046875 0.32578125 0.0890625 0.2359375
2 0.2796875 0.8640625 0.121875 0.240625
2 0.3875 0.228125 0.075 0.2125