0 0.5109375 0.640625 0.028125 0.040625
2 0.5953125 0.78515625 0.109375 0.2453125
2 0.709375 0.27890625 0.0609375 0.16875
2 0.08125 0.2125 0.0828125 0.19375
1 0.1703125 0.35390625 0.1 0.2515625
1 0.30078125 0.39453125 0.096875 0.228125
1 0.48125 0.5953125 0.121875 0.196875
1 0.58515625 0.5640625 0.09375 0.209375
1 0.60625 0.5734375 0.08125 0.2671875
1 0.59140625 0.27734375 0.06875 0.1875
1 0.5671875 0.2953125 0.103125 0.1734375
1 0.51796875 0.31171875 0.1078125 0.2015625
1 0.55 0.3578125 0.084375 0.2