2 0.6265625 0.78515625 0.0453125 0.128125
1 0.11953125 0.50234375 0.0546875 0.1734375
0 0.296875 0.246875 0.0171875 0.028125
1 0.2515625 0.45234375 0.06875 0.20625
1 0.29765625 0.4546875 0.0578125 0.2859375
1 0.25859375 0.6171875 0.0921875 0.24375
1 0.334375 0.48515625 0.065625 0.209375
1 0.38828125 0.49453125 0.0625 0.18125
1 0.42734375 0.6640625 0.0765625 0.2265625
1 0.48046875 0.328125 0.065625 0.1640625
2 0.58125 0.27578125 0.0515625 0.2
1 0.79296875 0.7390625 0.0875 0.2671875
1 0.784375 0.4421875 0.0640625 0.2046875