1 0.31484375 0.34453125 0.0734375 0.1359375
2 0.1296875 0.5578125 0.096875 0.203125
2 0.34140625 0.84609375 0.1078125 0.2265625
2 0.76484375 0.29453125 0.0734375 0.1578125
1 0.7203125 0.38515625 0.09375 0.1859375
1 0.6484375 0.4890625 0.103125 0.203125
1 0.63203125 0.5109375 0.0953125 0.20625
1 0.5015625 0.51953125 0.109375 0.2140625
1 0.64296875 0.67109375 0.1203125 0.221875
1 0.70625 0.66328125 0.15 0.271875
0 0.73203125 0.575 0.0234375 0.034375
1 0.13046875 0.80546875 0.1109375 0.2328125
1 0.25703125 0.6984375 0.1125 0.234375
1 0.31328125 0.45625 0.075 0.1875