2 0.80234375 0.1984375 0.084375 0.190625
1 0.93671875 0.39921875 0.0953125 0.2203125
1 0.56484375 0.41796875 0.0953125 0.221875
1 0.39453125 0.23203125 0.0671875 0.1625
1 0.2546875 0.56015625 0.115625 0.2234375
2 0.38828125 0.75078125 0.0703125 0.19375
1 0.10703125 0.6953125 0.1015625 0.225
0 0.2828125 0.28125 0.01875 0.028125
1 0.3359375 0.425 0.109375 0.203125
1 0.34921875 0.4546875 0.1015625 0.203125
1 0.34296875 0.3890625 0.0984375 0.21875
1 0.32109375 0.31328125 0.0546875 0.0984375
1 0.2984375 0.34375 0.09375 0.2125
2 0.22890625 0.30546875 0.0703125 0.1796875