0 0.49765625 0.20390625 0.015625 0.0265625
1 0.4859375 0.29375 0.0625 0.1796875
1 0.453125 0.340625 0.0859375 0.2015625
1 0.26484375 0.303125 0.0625 0.1625
1 0.27421875 0.57265625 0.075 0.2359375
1 0.23984375 0.715625 0.1140625 0.3015625
2 0.31015625 0.81875 0.0984375 0.2703125
1 0.56796875 0.7765625 0.1046875 0.271875
1 0.53359375 0.60859375 0.078125 0.2546875
1 0.56171875 0.48515625 0.1 0.2328125
1 0.7109375 0.53515625 0.0890625 0.23125
1 0.67734375 0.58828125 0.084375 0.234375
1 0.86640625 0.6296875 0.0859375 0.2328125
2 0.98203125 0.440625 0.0359375 0.2015625