2 0.20625 0.89453125 0.090625 0.2109375
2 0.9703125 0.52890625 0.059375 0.2140625
1 0.92421875 0.603125 0.0796875 0.253125
1 0.79609375 0.54765625 0.0765625 0.2171875
1 0.61484375 0.3 0.0640625 0.159375
2 0.4140625 0.32265625 0.04375 0.14375
1 0.60078125 0.378125 0.053125 0.190625
1 0.653125 0.61640625 0.06875 0.2109375
1 0.5875 0.753125 0.11875 0.271875
1 0.21953125 0.45 0.0671875 0.1625
1 0.34296875 0.4703125 0.0671875 0.18125
1 0.284375 0.58984375 0.06875 0.1984375
0 0.16015625 0.6734375 0.0203125 0.028125
1 0.13203125 0.64609375 0.0828125 0.2015625