2 0.3109375 0.2640625 0.0671875 0.2078125
0 0.7125 0.2953125 0.0234375 0.0375
2 0.89765625 0.5625 0.096875 0.2359375
1 0.6890625 0.475 0.0765625 0.240625
1 0.73671875 0.6640625 0.0703125 0.275
1 0.6640625 0.709375 0.078125 0.265625
1 0.4015625 0.72265625 0.0890625 0.2796875
1 0.29453125 0.415625 0.0609375 0.234375
1 0.209375 0.64375 0.078125 0.2671875
1 0.05625 0.73203125 0.0890625 0.2953125
1 0.01015625 0.4890625 0.0203125 0.246875
2 0.14453125 0.9125 0.06875 0.1578125
1 0.72109375 0.33203125 0.1234375 0.2859375