1 0.8671875 0.76171875 0.13125 0.2984375
0 0.71171875 0.4484375 0.0265625 0.040625
2 0.63359375 0.3390625 0.0484375 0.171875
1 0.65078125 0.5453125 0.0953125 0.240625
1 0.678125 0.63125 0.1375 0.2625
2 0.54140625 0.8828125 0.1046875 0.234375
1 0.03671875 0.78828125 0.0703125 0.271875
2 0.02734375 0.40703125 0.0546875 0.2203125
1 0.22109375 0.38359375 0.0671875 0.215625
1 0.36015625 0.403125 0.0765625 0.221875
1 0.340625 0.56015625 0.096875 0.2515625
1 0.2296875 0.6421875 0.078125 0.234375
1 0.70390625 0.57734375 0.0890625 0.2796875
1 0.51796875 0.51796875 0.1046875 0.2515625