2 0.778125 0.203125 0.0875 0.203125
2 0.5484375 0.7125 0.096875 0.175
1 0.8171875 0.63125 0.11875 0.275
1 0.7875 0.54921875 0.13125 0.278125
0 0.615625 0.375 0.021875 0.03125
1 0.61015625 0.484375 0.1015625 0.23125
1 0.578125 0.4109375 0.096875 0.28125
1 0.5421875 0.290625 0.1 0.228125
1 0.49921875 0.16640625 0.0796875 0.2046875
1 0.34765625 0.3 0.0984375 0.2
1 0.3890625 0.346875 0.103125 0.24375
1 0.41640625 0.46015625 0.140625 0.2671875
1 0.328125 0.50546875 0.13125 0.2515625
2 0.14921875 0.25078125 0.0890625 0.2015625