2 0.54375 0.19765625 0.065625 0.1890625
1 0.7015625 0.60859375 0.05625 0.2390625
1 0.67578125 0.46171875 0.125 0.1765625
1 0.640625 0.440625 0.0875 0.2125
2 0.53046875 0.70078125 0.06875 0.1859375
0 0.69140625 0.44609375 0.0203125 0.0359375
1 0.20703125 0.6140625 0.0859375 0.221875
1 0.3296875 0.4640625 0.04375 0.25
1 0.3859375 0.3671875 0.059375 0.228125
1 0.41640625 0.31484375 0.059375 0.1984375
1 0.49140625 0.384375 0.0734375 0.184375
1 0.440625 0.4265625 0.0625 0.228125
1 0.49609375 0.54609375 0.0765625 0.2015625