2 0.8203125 0.3703125 0.071875 0.203125
2 0.53203125 0.73203125 0.0765625 0.1484375
2 0.1578125 0.2171875 0.065625 0.2
0 0.228125 0.3375 0.025 0.0375
1 0.3484375 0.2484375 0.06875 0.178125
1 0.21015625 0.4640625 0.1078125 0.271875
1 0.2984375 0.49140625 0.090625 0.2234375
1 0.353125 0.49765625 0.1 0.2765625
1 0.396875 0.3703125 0.065625 0.221875
1 0.52890625 0.31875 0.103125 0.2125
1 0.6578125 0.28203125 0.065625 0.1328125
1 0.65 0.403125 0.075 0.228125
1 0.76171875 0.5703125 0.0921875 0.221875
1 0.71328125 0.74140625 0.1203125 0.2234375