2 0.4234375 0.90390625 0.1125 0.1921875
2 0.14453125 0.65078125 0.1140625 0.3109375
1 0.1234375 0.84765625 0.109375 0.2515625
1 0.37109375 0.63515625 0.1390625 0.3703125
1 0.4859375 0.621875 0.084375 0.334375
1 0.696875 0.45 0.13125 0.303125
1 0.68125 0.29453125 0.08125 0.2546875
1 0.62265625 0.43984375 0.125 0.303125
1 0.5703125 0.346875 0.0875 0.290625
1 0.47265625 0.4421875 0.1109375 0.325
0 0.41171875 0.31796875 0.028125 0.0421875
1 0.3734375 0.50859375 0.1125 0.3
1 0.41015625 0.5015625 0.096875 0.340625