2 0.85625 0.275 0.065625 0.178125
1 0.95234375 0.4859375 0.0609375 0.203125
1 0.6 0.44140625 0.0875 0.209375
1 0.46953125 0.2390625 0.0515625 0.153125
1 0.2875 0.52421875 0.075 0.2015625
2 0.3828125 0.725 0.059375 0.184375
1 0.1265625 0.6265625 0.078125 0.209375
0 0.35625 0.265625 0.015625 0.025
1 0.38359375 0.4109375 0.0796875 0.184375
1 0.39140625 0.44140625 0.0796875 0.1859375
1 0.3953125 0.37734375 0.078125 0.203125
1 0.38828125 0.30234375 0.0359375 0.0890625
1 0.36171875 0.3265625 0.05 0.196875
2 0.30234375 0.28046875 0.0515625 0.1671875