2 0.80234375 0.1984375 0.0703125 0.1875
1 0.93671875 0.39921875 0.071875 0.2140625
1 0.56484375 0.41796875 0.0875 0.21875
1 0.39453125 0.23203125 0.05625 0.159375
1 0.2546875 0.56015625 0.0953125 0.215625
2 0.38828125 0.75078125 0.06875 0.19375
1 0.10703125 0.6953125 0.096875 0.2234375
0 0.2828125 0.28125 0.01875 0.028125
1 0.3359375 0.425 0.0953125 0.196875
1 0.34921875 0.4546875 0.0796875 0.1953125
1 0.34296875 0.3890625 0.0796875 0.2125
1 0.32109375 0.31328125 0.04375 0.0953125
1 0.2984375 0.34375 0.06875 0.209375
2 0.22890625 0.30546875 0.0625 0.1765625