1 0.8875 0.7828125 0.1015625 0.228125
1 0.73203125 0.509375 0.1125 0.2375
2 0.74921875 0.3171875 0.0578125 0.1796875
1 0.68125 0.446875 0.1 0.246875
1 0.6203125 0.4640625 0.0796875 0.2390625
1 0.5703125 0.48984375 0.08125 0.2234375
1 0.50703125 0.63203125 0.1046875 0.234375
1 0.45078125 0.71875 0.103125 0.24375
2 0.65703125 0.803125 0.090625 0.2234375
1 0.3390625 0.346875 0.071875 0.2046875
1 0.290625 0.33203125 0.09375 0.225
2 0.134375 0.2421875 0.103125 0.190625
2 0.10703125 0.5109375 0.103125 0.253125