0 0.49921875 0.159375 0.0171875 0.028125
1 0.4859375 0.2546875 0.06875 0.190625
1 0.44921875 0.303125 0.0921875 0.2140625
1 0.25234375 0.259375 0.0671875 0.171875
1 0.2546875 0.54375 0.0796875 0.25
1 0.215625 0.6921875 0.125 0.31875
2 0.2875 0.803125 0.1078125 0.2875
1 0.56015625 0.76484375 0.1125 0.2890625
1 0.528125 0.5875 0.084375 0.26875
1 0.5609375 0.4578125 0.1078125 0.2484375
1 0.71640625 0.51484375 0.096875 0.246875
1 0.67890625 0.56953125 0.090625 0.2484375
1 0.87734375 0.61796875 0.0921875 0.2484375
2 0.99296875 0.42109375 0.0140625 0.209375