2 0.8203125 0.3703125 0.0625 0.2015625
2 0.53203125 0.73203125 0.065625 0.14375
2 0.1578125 0.2171875 0.0609375 0.1984375
0 0.228125 0.3375 0.021875 0.0375
1 0.3484375 0.2484375 0.0546875 0.175
1 0.21015625 0.4640625 0.078125 0.26875
1 0.2984375 0.49140625 0.0859375 0.2203125
1 0.353125 0.49765625 0.0703125 0.271875
1 0.396875 0.3703125 0.0640625 0.2203125
1 0.52890625 0.31875 0.078125 0.2078125
1 0.6578125 0.28203125 0.059375 0.1296875
1 0.65 0.403125 0.071875 0.228125
1 0.76171875 0.5703125 0.0875 0.221875
1 0.71328125 0.74140625 0.1 0.2171875