2 0.48515625 0.9390625 0.096875 0.121875
2 0.1421875 0.74765625 0.103125 0.3359375
1 0.15078125 0.9140625 0.1015625 0.171875
1 0.3828125 0.69609375 0.096875 0.396875
1 0.50546875 0.6640625 0.0765625 0.365625
1 0.70390625 0.44609375 0.1 0.3234375
1 0.66015625 0.2796875 0.0734375 0.278125
1 0.62265625 0.446875 0.0921875 0.3234375
1 0.54921875 0.35390625 0.0578125 0.3140625
1 0.46171875 0.471875 0.1 0.3515625
0 0.3734375 0.346875 0.025 0.04375
1 0.365625 0.55859375 0.08125 0.321875
1 0.40234375 0.5453125 0.075 0.36875