2 0.60234375 0.92890625 0.0953125 0.1421875
0 0.0703125 0.48984375 0.03125 0.0421875
1 0.034375 0.6546875 0.06875 0.296875
2 0.0625 0.33359375 0.078125 0.2015625
1 0.18671875 0.40078125 0.1078125 0.2640625
1 0.2578125 0.45234375 0.103125 0.2421875
1 0.4421875 0.34765625 0.115625 0.203125
1 0.53671875 0.40625 0.09375 0.24375
1 0.61953125 0.66875 0.1484375 0.334375
1 0.58671875 0.6 0.1140625 0.275
1 0.4546875 0.615625 0.13125 0.3
1 0.2796875 0.7671875 0.165625 0.3125
1 0.7640625 0.71875 0.09375 0.28125
2 0.7875 0.46640625 0.096875 0.2390625