1 0.8328125 0.8328125 0.1234375 0.3078125
0 0.7421875 0.48046875 0.028125 0.0453125
2 0.6875 0.35234375 0.0578125 0.1765625
1 0.659375 0.565625 0.1140625 0.25625
1 0.66796875 0.65859375 0.1546875 0.2796875
2 0.475 0.8828125 0.096875 0.234375
2 0.04921875 0.2953125 0.0703125 0.2296875
1 0.25546875 0.31015625 0.0765625 0.2234375
1 0.39296875 0.36015625 0.08125 0.2265625
1 0.3390625 0.51484375 0.1125 0.2640625
1 0.2078125 0.575 0.0890625 0.2453125
1 0.70703125 0.6109375 0.1046875 0.290625
1 0.53046875 0.51015625 0.096875 0.25625