2 0.78359375 0.3046875 0.0625 0.190625
2 0.11640625 0.25390625 0.096875 0.2234375
1 0.06015625 0.61328125 0.1203125 0.2796875
1 0.1859375 0.534375 0.121875 0.2875
1 0.54921875 0.48046875 0.0890625 0.2140625
2 0.6828125 0.79921875 0.075 0.1890625
0 0.55 0.45703125 0.01875 0.0375
1 0.70234375 0.553125 0.0984375 0.259375
1 0.61953125 0.43046875 0.1328125 0.26875
1 0.59140625 0.54921875 0.0859375 0.2578125
1 0.57421875 0.45859375 0.0578125 0.190625
1 0.51796875 0.4140625 0.103125 0.215625
1 0.490625 0.53203125 0.125 0.2609375