2 0.80625 0.31875 0.075 0.2046875
1 0.68359375 0.41015625 0.1078125 0.2359375
1 0.67890625 0.27265625 0.06875 0.1953125
1 0.62890625 0.42109375 0.078125 0.2375
2 0.46171875 0.72890625 0.0703125 0.134375
1 0.62890625 0.6171875 0.0890625 0.21875
1 0.62109375 0.7109375 0.0765625 0.209375
1 0.4609375 0.30625 0.128125 0.19375
1 0.3625 0.42734375 0.075 0.2078125
2 0.21640625 0.18984375 0.071875 0.1984375
1 0.17109375 0.525 0.0953125 0.253125
1 0.2953125 0.503125 0.0796875 0.24375
0 0.2578125 0.2859375 0.01875 0.03125
1 0.240625 0.3171875 0.0859375 0.2203125