2 0.4421875 0.87421875 0.128125 0.2515625
1 0.34375 0.8140625 0.1375 0.303125
1 0.98984375 0.62734375 0.0203125 0.1796875
2 0.9609375 0.2625 0.075 0.203125
2 0.3234375 0.31953125 0.071875 0.1875
0 0.3703125 0.303125 0.025 0.034375
1 0.375 0.44921875 0.09375 0.240625
1 0.39296875 0.46484375 0.1203125 0.28125
1 0.47890625 0.671875 0.1234375 0.29375
1 0.47265625 0.50078125 0.0859375 0.2546875
1 0.48359375 0.44375 0.1203125 0.265625
1 0.540625 0.4890625 0.125 0.209375
1 0.5703125 0.26328125 0.109375 0.2328125
1 0.61171875 0.5171875 0.128125 0.2625