2 0.80625 0.31875 0.0875 0.209375
1 0.68359375 0.41015625 0.1265625 0.2421875
1 0.67890625 0.27265625 0.078125 0.1984375
1 0.62890625 0.42109375 0.0859375 0.2390625
2 0.46171875 0.72890625 0.0765625 0.1359375
1 0.62890625 0.6171875 0.0953125 0.221875
1 0.62109375 0.7109375 0.0796875 0.209375
1 0.4609375 0.30625 0.140625 0.2
1 0.3625 0.42734375 0.1 0.2140625
2 0.21640625 0.18984375 0.0890625 0.203125
1 0.17109375 0.525 0.1078125 0.25625
1 0.2953125 0.503125 0.084375 0.24375
0 0.2578125 0.2859375 0.021875 0.03125
1 0.240625 0.3171875 0.1 0.225