0 0.53203125 0.521875 0.0296875 0.040625
2 0.86171875 0.4078125 0.1140625 0.21875
2 0.32421875 0.30859375 0.0921875 0.2359375
2 0.45390625 0.9125 0.0828125 0.175
1 0.23046875 0.76015625 0.1296875 0.2671875
1 0.35625 0.7203125 0.1625 0.315625
1 0.4203125 0.7203125 0.134375 0.303125
1 0.3390625 0.5234375 0.146875 0.271875
1 0.53984375 0.28046875 0.1046875 0.2328125
1 0.51015625 0.359375 0.1078125 0.23125
1 0.475 0.4921875 0.13125 0.253125
1 0.5375 0.51875 0.125 0.2125
1 0.72421875 0.64765625 0.1421875 0.2828125
1 0.875 0.728125 0.128125 0.3