0 0.7265625 0.3140625 0.0203125 0.034375
2 0.6734375 0.13984375 0.071875 0.209375
1 0.425 0.16640625 0.071875 0.2109375
2 0.615625 0.68125 0.0890625 0.196875
1 0.7859375 0.325 0.11875 0.2296875
1 0.38671875 0.28671875 0.0734375 0.2125
1 0.35859375 0.34296875 0.0859375 0.234375
1 0.403125 0.36640625 0.109375 0.2453125
1 0.515625 0.45546875 0.090625 0.2484375
1 0.58125 0.4640625 0.103125 0.246875
1 0.5859375 0.3625 0.08125 0.2375
1 0.1515625 0.6953125 0.078125 0.2375
1 0.2390625 0.59921875 0.1109375 0.2390625