2 0.11953125 0.40234375 0.0953125 0.221875
2 0.42421875 0.734375 0.0875 0.178125
0 0.509375 0.32578125 0.0234375 0.040625
1 0.26171875 0.27421875 0.0796875 0.2171875
1 0.33359375 0.42578125 0.084375 0.225
1 0.30859375 0.6078125 0.0921875 0.2453125
1 0.4609375 0.55 0.1140625 0.28125
1 0.546875 0.44296875 0.0984375 0.246875
1 0.6109375 0.52421875 0.125 0.2703125
1 0.62109375 0.43203125 0.1 0.2265625
1 0.6484375 0.26953125 0.109375 0.228125
1 0.71953125 0.2609375 0.115625 0.246875
1 0.84140625 0.45 0.0921875 0.240625
2 0.765625 0.15859375 0.0828125 0.19375