0 0.40703125 0.22265625 0.015625 0.025
1 0.41953125 0.31171875 0.05625 0.178125
1 0.4 0.365625 0.0765625 0.1984375
1 0.2125 0.38125 0.05625 0.1609375
1 0.2890625 0.63671875 0.0640625 0.2328125
1 0.29296875 0.78203125 0.1015625 0.296875
2 0.3875 0.86171875 0.0875 0.2671875
1 0.6203125 0.75 0.0921875 0.26875
1 0.54609375 0.5984375 0.0671875 0.2515625
1 0.540625 0.4734375 0.090625 0.23125
1 0.69453125 0.4796875 0.078125 0.2296875
1 0.6765625 0.53984375 0.075 0.23125
1 0.8671875 0.52734375 0.075 0.23125
2 0.953125 0.30859375 0.0734375 0.2015625