0 0.434375 0.14921875 0.028125 0.0375
1 0.371875 0.31796875 0.13125 0.2953125
1 0.41015625 0.3234375 0.1359375 0.371875
1 0.3046875 0.47578125 0.115625 0.25625
2 0.9515625 0.27578125 0.071875 0.2265625
2 0.20390625 0.415625 0.0984375 0.253125
2 0.48671875 0.76171875 0.0875 0.1296875
1 0.98046875 0.5171875 0.0390625 0.25625
1 0.73046875 0.70390625 0.1515625 0.3125
1 0.6734375 0.27734375 0.1125 0.2296875
1 0.62421875 0.44765625 0.1109375 0.2734375
1 0.5859375 0.62421875 0.103125 0.3078125
1 0.4765625 0.42265625 0.096875 0.2421875
1 0.43359375 0.43984375 0.1015625 0.2640625