0 0.50859375 0.5171875 0.028125 0.040625
2 0.8359375 0.40703125 0.0875 0.2078125
2 0.30859375 0.30625 0.0765625 0.228125
2 0.42578125 0.90859375 0.0734375 0.18125
1 0.20859375 0.7515625 0.10625 0.2578125
1 0.33359375 0.7125 0.146875 0.309375
1 0.3953125 0.71171875 0.103125 0.2921875
1 0.31875 0.51796875 0.1171875 0.25625
1 0.52109375 0.28046875 0.078125 0.2234375
1 0.490625 0.35703125 0.1015625 0.228125
1 0.45390625 0.4875 0.103125 0.2390625
1 0.51484375 0.51484375 0.103125 0.2015625
1 0.696875 0.64140625 0.1140625 0.2703125
1 0.84375 0.72265625 0.1203125 0.29375