2 0.1984375 0.25078125 0.065625 0.1984375
2 0.47890625 0.7328125 0.0734375 0.16875
1 0.2046875 0.6796875 0.09375 0.26875
1 0.225 0.59453125 0.125 0.2734375
0 0.3765625 0.4046875 0.01875 0.028125
1 0.39453125 0.5125 0.0890625 0.228125
1 0.4171875 0.4359375 0.078125 0.278125
1 0.44140625 0.31328125 0.0765625 0.2234375
1 0.47109375 0.18515625 0.0765625 0.203125
1 0.6328125 0.3015625 0.078125 0.19375
1 0.59765625 0.35234375 0.0640625 0.2390625
1 0.5828125 0.46875 0.109375 0.25625
1 0.67421875 0.5046875 0.103125 0.240625
2 0.82421875 0.23203125 0.0828125 0.1984375