2 0.71953125 0.3953125 0.065625 0.1703125
1 0.365625 0.6 0.121875 0.203125
2 0.52578125 0.77421875 0.071875 0.171875
1 0.2546875 0.36796875 0.0609375 0.1640625
1 0.41328125 0.63125 0.1015625 0.2234375
2 0.1109375 0.28203125 0.0625 0.1671875
1 0.5625 0.35703125 0.0859375 0.1796875
1 0.5296875 0.31015625 0.0828125 0.1765625
1 0.44921875 0.29296875 0.06875 0.159375
1 0.48359375 0.39140625 0.0859375 0.1796875
1 0.41953125 0.45234375 0.096875 0.1640625
1 0.35 0.50703125 0.096875 0.209375
1 0.3234375 0.490625 0.09375 0.21875