2 0.878125 0.87890625 0.071875 0.171875
2 0.02890625 0.66640625 0.0578125 0.2203125
1 0.09765625 0.7328125 0.0734375 0.2625
1 0.21953125 0.653125 0.0671875 0.225
1 0.365625 0.365625 0.053125 0.1609375
2 0.575 0.35390625 0.04375 0.1484375
1 0.39140625 0.44375 0.046875 0.196875
1 0.37734375 0.696875 0.065625 0.21875
1 0.46796875 0.8265625 0.1 0.2765625
1 0.7953125 0.4484375 0.0578125 0.165625
1 0.671875 0.49140625 0.05625 0.1875
1 0.75078125 0.603125 0.06875 0.2046875
0 0.89296875 0.6671875 0.01875 0.028125
1 0.91640625 0.634375 0.078125 0.2078125