2 0.84609375 0.35546875 0.0734375 0.215625
2 0.52890625 0.7375 0.0734375 0.15625
2 0.1484375 0.18671875 0.071875 0.2125
0 0.21953125 0.315625 0.025 0.0390625
1 0.35 0.221875 0.0625 0.1859375
1 0.19609375 0.44921875 0.0890625 0.2890625
1 0.2890625 0.47890625 0.0984375 0.2359375
1 0.346875 0.4875 0.0828125 0.290625
1 0.396875 0.35234375 0.075 0.234375
1 0.53828125 0.2984375 0.0890625 0.2234375
1 0.6765625 0.26171875 0.065625 0.1375
1 0.665625 0.390625 0.084375 0.24375
1 0.77734375 0.56796875 0.1 0.2375
1 0.72109375 0.75 0.1125 0.2328125