0 0.4578125 0.6640625 0.025 0.0375
2 0.37734375 0.79765625 0.0984375 0.2265625
2 0.2796875 0.32421875 0.0546875 0.15625
2 0.86640625 0.26796875 0.075 0.178125
1 0.78203125 0.40078125 0.090625 0.2328125
1 0.65859375 0.4375 0.0875 0.2109375
1 0.48671875 0.62265625 0.1109375 0.18125
1 0.3890625 0.59140625 0.0828125 0.19375
1 0.3703125 0.60078125 0.0703125 0.2484375
1 0.38984375 0.3234375 0.0609375 0.1734375
1 0.41171875 0.340625 0.09375 0.1609375
1 0.45703125 0.3578125 0.096875 0.1859375
1 0.4265625 0.39921875 0.0765625 0.184375