2 0.51796875 0.9046875 0.1078125 0.1796875
2 0.1859375 0.7234375 0.115625 0.3171875
1 0.20703125 0.89609375 0.1140625 0.2046875
1 0.40625 0.6578125 0.1140625 0.371875
1 0.51875 0.61875 0.0953125 0.3421875
1 0.690625 0.40234375 0.1125 0.3046875
1 0.64140625 0.25078125 0.0859375 0.2609375
1 0.615625 0.40859375 0.10625 0.303125
1 0.54296875 0.328125 0.0734375 0.29375
1 0.4671875 0.44375 0.1140625 0.33125
0 0.378125 0.33515625 0.0265625 0.0421875
1 0.3828125 0.53125 0.0953125 0.303125
1 0.41640625 0.5171875 0.0921875 0.3453125