1 0.08203125 0.45859375 0.0765625 0.228125
1 0.22265625 0.4875 0.0859375 0.215625
1 0.26875 0.63046875 0.0625 0.2484375
1 0.3859375 0.334375 0.053125 0.178125
1 0.653125 0.31328125 0.053125 0.1734375
1 0.68046875 0.38046875 0.059375 0.1890625
1 0.5171875 0.39765625 0.053125 0.1828125
1 0.45 0.4734375 0.046875 0.203125
1 0.4640625 0.57734375 0.075 0.228125
1 0.5359375 0.48359375 0.065625 0.2125
2 0.1375 0.353125 0.0625 0.18125
2 0.84765625 0.37578125 0.0359375 0.1671875
2 0.703125 0.71640625 0.075 0.2265625
0 0.3015625 0.728125 0.021875 0.0375