2 0.14140625 0.20625 0.065625 0.1875
1 0.02578125 0.41171875 0.0515625 0.2109375
1 0.3890625 0.409375 0.09375 0.21875
1 0.5453125 0.21640625 0.059375 0.1609375
1 0.70234375 0.53203125 0.1015625 0.2171875
2 0.58125 0.728125 0.078125 0.19375
1 0.85625 0.6578125 0.0875 0.21875
0 0.659375 0.25859375 0.01875 0.0296875
1 0.61484375 0.4046875 0.103125 0.196875
1 0.60390625 0.434375 0.0828125 0.196875
1 0.60625 0.36875 0.06875 0.20625
1 0.62265625 0.29140625 0.046875 0.0953125
1 0.646875 0.3203125 0.075 0.209375
2 0.71328125 0.2796875 0.0640625 0.175