1 0.5015625 0.5796875 0.146875 0.228125
1 0.709375 0.39140625 0.115625 0.2171875
1 0.15546875 0.68515625 0.121875 0.2265625
1 0.45 0.478125 0.1125 0.225
1 0.58671875 0.38515625 0.1140625 0.2390625
1 0.7328125 0.63359375 0.125 0.2109375
2 0.7578125 0.80234375 0.190625 0.290625
1 0.175 0.425 0.10625 0.23125
1 0.71875 0.61953125 0.153125 0.2265625
1 0.696875 0.28984375 0.06875 0.1265625
1 0.49921875 0.290625 0.10625 0.21875
2 0.334375 0.3421875 0.10625 0.221875
0 0.7046875 0.63515625 0.028125 0.0390625