2 0.65703125 0.9109375 0.0828125 0.178125
0 0.1390625 0.509375 0.0234375 0.0359375
1 0.09453125 0.66484375 0.09375 0.2703125
2 0.12265625 0.365625 0.05625 0.1828125
1 0.2421875 0.42109375 0.0859375 0.240625
1 0.31015625 0.4625 0.0828125 0.2203125
1 0.47578125 0.35625 0.0984375 0.184375
1 0.565625 0.4046875 0.0703125 0.221875
1 0.6578125 0.64296875 0.09375 0.2984375
1 0.62265625 0.58125 0.0828125 0.246875
1 0.50234375 0.60234375 0.078125 0.2671875
1 0.35 0.75390625 0.1390625 0.284375
1 0.79375 0.68046875 0.0703125 0.25625
2 0.8015625 0.4453125 0.0671875 0.2140625