1 0.35234375 0.3328125 0.04375 0.128125
2 0.134375 0.51328125 0.05 0.1953125
2 0.29453125 0.82890625 0.0578125 0.2171875
2 0.80234375 0.353125 0.0328125 0.153125
1 0.74296875 0.4359375 0.05625 0.1765625
1 0.65625 0.52578125 0.0671875 0.1953125
1 0.63515625 0.5453125 0.0453125 0.1953125
1 0.50703125 0.53359375 0.0578125 0.203125
1 0.6203125 0.70390625 0.08125 0.2109375
1 0.68359375 0.70625 0.0921875 0.25625
0 0.7234375 0.62421875 0.0171875 0.0328125
1 0.09453125 0.75703125 0.065625 0.225
1 0.23671875 0.671875 0.05625 0.221875
1 0.33125 0.44296875 0.0359375 0.1828125