2 0.72578125 0.275 0.078125 0.19375
0 0.35703125 0.26953125 0.025 0.0359375
2 0.1625 0.49765625 0.109375 0.221875
1 0.36015625 0.4359375 0.090625 0.225
1 0.296875 0.603125 0.0875 0.2546875
1 0.35859375 0.65078125 0.0953125 0.2484375
1 0.59609375 0.68515625 0.1046875 0.2609375
1 0.725 0.4140625 0.0765625 0.21875
1 0.7796875 0.62890625 0.0953125 0.2484375
1 0.909375 0.7234375 0.10625 0.275
1 0.978125 0.50703125 0.04375 0.228125
2 0.81171875 0.87890625 0.0765625 0.15
1 0.34453125 0.30234375 0.1375 0.2703125