2 0.7546875 0.87578125 0.059375 0.196875
1 0.69375 0.42421875 0.04375 0.1765625
1 0.5953125 0.671875 0.06875 0.196875
0 0.5765625 0.659375 0.021875 0.034375
1 0.575 0.6328125 0.090625 0.16875
1 0.625 0.4859375 0.06875 0.171875
1 0.3984375 0.3625 0.04375 0.16875
1 0.38515625 0.42890625 0.05 0.1625
1 0.3890625 0.56953125 0.05625 0.1734375
1 0.3515625 0.55546875 0.075 0.20625
1 0.27578125 0.6390625 0.0609375 0.209375
1 0.1671875 0.7109375 0.05625 0.246875
2 0.07109375 0.58125 0.0515625 0.209375
2 0.60546875 0.33515625 0.040625 0.1328125