0 0.6671875 0.19375 0.0265625 0.0375
1 0.67890625 0.37890625 0.128125 0.3
1 0.63984375 0.371875 0.1125 0.3765625
1 0.69765625 0.5546875 0.096875 0.25625
2 0.12109375 0.15859375 0.0765625 0.23125
2 0.815625 0.5265625 0.08125 0.2546875
2 0.434375 0.78046875 0.0796875 0.1265625
1 0.2125 0.64921875 0.1296875 0.3109375
1 0.39375 0.24609375 0.096875 0.228125
1 0.39140625 0.42890625 0.096875 0.275
1 0.37734375 0.61484375 0.1078125 0.3140625
1 0.54453125 0.45 0.103125 0.2484375
1 0.58203125 0.48046875 0.109375 0.2703125