1 0.56328125 0.5140625 0.13125 0.215625
1 0.3203125 0.409375 0.08125 0.1984375
1 0.90625 0.50390625 0.0984375 0.209375
1 0.57890625 0.4078125 0.084375 0.20625
1 0.42890625 0.36640625 0.0921875 0.2234375
1 0.3734375 0.63203125 0.1078125 0.196875
2 0.02890625 0.62265625 0.0515625 0.2359375
2 0.4015625 0.78984375 0.1515625 0.2625
1 0.81015625 0.278125 0.071875 0.2140625
1 0.38203125 0.61484375 0.1171875 0.2015625
1 0.3 0.31640625 0.0515625 0.1140625
1 0.478125 0.25625 0.078125 0.203125
2 0.6421875 0.25234375 0.0765625 0.20625
0 0.39921875 0.625 0.0265625 0.0359375