0 0.49765625 0.20390625 0.0171875 0.0265625
1 0.4859375 0.29375 0.06875 0.18125
1 0.453125 0.340625 0.0875 0.2
1 0.26484375 0.303125 0.0671875 0.1625
1 0.27421875 0.57265625 0.1046875 0.2421875
1 0.23984375 0.715625 0.134375 0.30625
2 0.31015625 0.81875 0.1296875 0.278125
1 0.56796875 0.7765625 0.109375 0.271875
1 0.53359375 0.60859375 0.090625 0.2578125
1 0.56171875 0.48515625 0.1046875 0.2359375
1 0.7109375 0.53515625 0.1125 0.2375
1 0.67734375 0.58828125 0.0984375 0.2390625
1 0.86640625 0.6296875 0.0984375 0.2375
2 0.9796875 0.43984375 0.040625 0.2015625