2 0.74453125 0.90703125 0.0859375 0.1859375
2 0.03203125 0.5 0.059375 0.20625
1 0.07421875 0.57734375 0.084375 0.2453125
1 0.20234375 0.53359375 0.0765625 0.209375
1 0.3953125 0.309375 0.059375 0.1515625
2 0.58828125 0.346875 0.05 0.1390625
1 0.40234375 0.38515625 0.05625 0.1828125
1 0.334375 0.6109375 0.075 0.2046875
1 0.3890625 0.74921875 0.109375 0.259375
1 0.76640625 0.484375 0.0625 0.15625
1 0.64609375 0.49453125 0.0640625 0.175
1 0.69375 0.61484375 0.0765625 0.1921875
0 0.8078125 0.70546875 0.0203125 0.028125
1 0.8359375 0.68046875 0.0859375 0.1953125