1 0.43671875 0.5375 0.1453125 0.2234375
1 0.6328125 0.35078125 0.09375 0.2015625
1 0.10546875 0.646875 0.1125 0.215625
1 0.384375 0.440625 0.0984375 0.209375
1 0.5140625 0.34765625 0.10625 0.228125
1 0.6609375 0.58359375 0.1203125 0.2015625
2 0.9765625 0.45390625 0.046875 0.24375
2 0.68828125 0.74609375 0.16875 0.2734375
1 0.11796875 0.39609375 0.0859375 0.2171875
1 0.64609375 0.5703125 0.1296875 0.20625
1 0.61953125 0.25390625 0.059375 0.1171875
1 0.428125 0.259375 0.090625 0.20625
2 0.26953125 0.3125 0.0890625 0.209375
0 0.63359375 0.5859375 0.028125 0.0375