0 0.084375 0.51953125 0.0265625 0.04375
1 0.06953125 0.52890625 0.103125 0.240625
2 0.0734375 0.4765625 0.0734375 0.2171875
1 0.2828125 0.5625 0.0796875 0.2546875
1 0.4328125 0.496875 0.1453125 0.2375
1 0.475 0.39453125 0.0828125 0.1984375
1 0.73671875 0.48515625 0.09375 0.2125
1 0.7671875 0.37890625 0.0734375 0.20625
1 0.77890625 0.51171875 0.0890625 0.2125
1 0.52578125 0.64765625 0.1453125 0.2671875
1 0.56015625 0.61953125 0.121875 0.275
1 0.52734375 0.64609375 0.1109375 0.29375
2 0.78515625 0.36484375 0.0609375 0.16875
2 0.60234375 0.7578125 0.096875 0.2609375