1 0.53984375 0.54375 0.134375 0.2140625
1 0.3453125 0.37109375 0.084375 0.1953125
1 0.86171875 0.63671875 0.1015625 0.2078125
1 0.5875 0.44921875 0.0890625 0.203125
1 0.459375 0.36328125 0.0953125 0.2203125
1 0.32578125 0.5953125 0.109375 0.1953125
2 0.01796875 0.48203125 0.0359375 0.2328125
2 0.30234375 0.7515625 0.1546875 0.2609375
1 0.8421875 0.39609375 0.0765625 0.2109375
1 0.3390625 0.58203125 0.11875 0.2
1 0.35625 0.27734375 0.053125 0.1125
1 0.53984375 0.27578125 0.08125 0.2
2 0.69453125 0.321875 0.0796875 0.203125
0 0.3515625 0.596875 0.0265625 0.0359375