2 0.70625 0.31015625 0.0375 0.1640625
1 0.41015625 0.58125 0.0890625 0.1890625
2 0.60390625 0.7171875 0.0421875 0.165625
1 0.25234375 0.38125 0.0328125 0.159375
1 0.46328125 0.60234375 0.0671875 0.215625
2 0.09453125 0.32734375 0.0328125 0.1625
1 0.54765625 0.30625 0.0546875 0.1734375
1 0.50390625 0.26875 0.053125 0.16875
1 0.42265625 0.26796875 0.040625 0.1546875
1 0.47734375 0.35625 0.05625 0.171875
1 0.42890625 0.428125 0.0703125 0.153125
1 0.375 0.4953125 0.0640625 0.2
1 0.3453125 0.48671875 0.0578125 0.2109375