2 0.2890625 0.89609375 0.078125 0.19375
0 0.86875 0.56171875 0.0234375 0.0359375
1 0.8921875 0.72578125 0.0859375 0.2734375
2 0.90546875 0.41953125 0.0515625 0.1859375
1 0.77890625 0.4578125 0.078125 0.2421875
1 0.70234375 0.48984375 0.078125 0.221875
1 0.5515625 0.35703125 0.09375 0.184375
1 0.4546875 0.39296875 0.0625 0.2234375
1 0.328125 0.61875 0.084375 0.3015625
1 0.37265625 0.5625 0.0765625 0.25
1 0.490625 0.603125 0.0703125 0.271875
1 0.621875 0.7765625 0.13125 0.2859375
1 0.1859375 0.63671875 0.0625 0.259375
2 0.21171875 0.4 0.0609375 0.2171875