2 0.5359375 0.75390625 0.053125 0.0953125
2 0.765625 0.34140625 0.046875 0.2375
2 0.04375 0.2453125 0.0640625 0.21875
1 0.3125 0.52890625 0.11875 0.234375
1 0.2875 0.51015625 0.1015625 0.2265625
1 0.45546875 0.4328125 0.078125 0.2109375
1 0.503125 0.3765625 0.121875 0.2328125
1 0.50390625 0.2109375 0.053125 0.1984375
1 0.515625 0.2953125 0.059375 0.2125
1 0.64453125 0.4921875 0.0640625 0.2703125
1 0.57421875 0.54296875 0.075 0.25625
1 0.503125 0.70703125 0.065625 0.184375
0 0.46328125 0.4359375 0.021875 0.0296875