2 0.3578125 0.628125 0.071875 0.134375
2 0.27734375 0.33984375 0.0328125 0.16875
2 0.7671875 0.36015625 0.025 0.16875
1 0.6546875 0.3671875 0.065625 0.175
1 0.7265625 0.3953125 0.0375 0.159375
1 0.7390625 0.38984375 0.046875 0.265625
1 0.5734375 0.41953125 0.040625 0.1609375
1 0.47109375 0.4 0.0421875 0.18125
1 0.38203125 0.4140625 0.0546875 0.19375
1 0.36328125 0.44375 0.0515625 0.19375
0 0.5640625 0.34375 0.01875 0.034375
1 0.61171875 0.47265625 0.0296875 0.0671875
1 0.58515625 0.55625 0.0546875 0.2625
1 0.61171875 0.58125 0.084375 0.321875