2 0.88515625 0.33125 0.0796875 0.2
1 0.96484375 0.56796875 0.0703125 0.2234375
1 0.5875 0.4890625 0.1 0.23125
1 0.46796875 0.2578125 0.0734375 0.171875
1 0.23828125 0.5515625 0.1109375 0.23125
2 0.3203125 0.77890625 0.078125 0.2046875
1 0.053125 0.64921875 0.1 0.2359375
0 0.34140625 0.27734375 0.021875 0.0296875
1 0.35625 0.4375 0.1125 0.2125
1 0.3609375 0.47109375 0.096875 0.2109375
1 0.371875 0.4015625 0.1 0.228125
1 0.37109375 0.31875 0.0484375 0.1
1 0.33984375 0.34453125 0.0828125 0.221875
2 0.28125 0.2875 0.084375 0.1875