2 0.796875 0.8828125 0.10625 0.159375
0 0.1546875 0.6234375 0.028125 0.040625
1 0.14765625 0.7984375 0.15 0.30625
2 0.10078125 0.4765625 0.0765625 0.196875
1 0.23984375 0.50234375 0.1265625 0.26875
1 0.321875 0.52890625 0.125 0.2484375
1 0.46796875 0.3734375 0.1265625 0.209375
1 0.575 0.39921875 0.090625 0.240625
1 0.73125 0.625 0.1375 0.33125
1 0.67890625 0.56875 0.121875 0.275
1 0.55859375 0.62421875 0.1171875 0.2953125
1 0.4375 0.8234375 0.18125 0.321875
1 0.884375 0.6265625 0.10625 0.28125
2 0.83125 0.3796875 0.09375 0.234375