2 0.8640625 0.265625 0.090625 0.23125
2 0.6453125 0.6796875 0.084375 0.184375
0 0.45546875 0.29296875 0.0234375 0.0421875
1 0.68984375 0.17578125 0.0796875 0.2265625
1 0.65703125 0.34609375 0.0765625 0.234375
1 0.728125 0.52265625 0.06875 0.2515625
1 0.5609375 0.5046875 0.109375 0.290625
1 0.44765625 0.4203125 0.0828125 0.25625
1 0.40390625 0.51953125 0.1265625 0.2828125
1 0.3703125 0.4296875 0.103125 0.2375
1 0.30078125 0.27421875 0.103125 0.2359375
1 0.228125 0.284375 0.1 0.253125
1 0.1546875 0.50703125 0.078125 0.2484375
2 0.15625 0.19453125 0.0875 0.2015625