1 0.440625 0.56328125 0.1453125 0.2234375
1 0.69296875 0.46953125 0.0921875 0.2015625
1 0.09375 0.53359375 0.1125 0.215625
1 0.43046875 0.4546875 0.096875 0.2109375
1 0.5859375 0.4203125 0.1046875 0.228125
1 0.6265625 0.6921875 0.11875 0.203125
2 0.58828125 0.8515625 0.1671875 0.271875
1 0.20390625 0.31015625 0.0859375 0.2171875
1 0.61875 0.67421875 0.1296875 0.2078125
1 0.71953125 0.375 0.0578125 0.1171875
1 0.5421875 0.30546875 0.090625 0.2078125
2 0.37578125 0.29296875 0.0890625 0.209375
0 0.60078125 0.684375 0.028125 0.0359375