2 0.3078125 0.265625 0.059375 0.1875
0 0.671875 0.29609375 0.021875 0.034375
2 0.84375 0.53828125 0.0859375 0.2125
1 0.653125 0.45859375 0.06875 0.2171875
1 0.7015625 0.6296875 0.0625 0.2484375
1 0.63515625 0.6703125 0.0703125 0.240625
1 0.39765625 0.68125 0.0796875 0.253125
1 0.29609375 0.403125 0.0546875 0.2125
1 0.2234375 0.609375 0.0703125 0.2421875
1 0.08515625 0.6875 0.078125 0.2671875
1 0.025 0.46875 0.046875 0.225
2 0.16796875 0.8515625 0.0625 0.14375
1 0.68046875 0.32890625 0.1109375 0.2578125