2 0.33671875 0.225 0.0578125 0.203125
0 0.728125 0.28125 0.021875 0.0359375
2 0.89609375 0.5546875 0.0859375 0.2296875
1 0.6953125 0.45546875 0.065625 0.2359375
1 0.734375 0.64453125 0.0578125 0.26875
1 0.6609375 0.68515625 0.0671875 0.2609375
1 0.4015625 0.68203125 0.0765625 0.2734375
1 0.3125 0.37265625 0.0515625 0.2296875
1 0.21796875 0.59140625 0.0671875 0.2609375
1 0.0625 0.66875 0.075 0.2890625
1 0.01875 0.4265625 0.034375 0.24375
2 0.13984375 0.8515625 0.0625 0.1546875
1 0.73515625 0.3171875 0.1109375 0.278125