2 0.64921875 0.85 0.1203125 0.284375
2 0.09140625 0.40546875 0.0734375 0.2234375
0 0.525 0.3171875 0.021875 0.034375
1 0.7140625 0.803125 0.121875 0.25625
1 0.69453125 0.62109375 0.0953125 0.2046875
1 0.59140625 0.51640625 0.1203125 0.2859375
1 0.53671875 0.38125 0.08125 0.190625
1 0.48359375 0.309375 0.0796875 0.221875
1 0.26796875 0.690625 0.1359375 0.359375
1 0.12734375 0.46484375 0.0765625 0.2390625
1 0.3171875 0.5265625 0.084375 0.2625
1 0.4078125 0.47890625 0.103125 0.2484375
1 0.43359375 0.621875 0.103125 0.2875