2 0.275 0.75 0.0453125 0.1921875
2 0.41171875 0.15078125 0.0390625 0.1578125
2 0.92890625 0.54765625 0.0390625 0.2421875
1 0.59921875 0.37890625 0.05 0.16875
1 0.60703125 0.51796875 0.1125 0.253125
1 0.6296875 0.51171875 0.0546875 0.26875
1 0.44140625 0.63828125 0.0859375 0.2234375
1 0.33203125 0.6828125 0.0859375 0.2234375
1 0.19453125 0.3890625 0.08125 0.2203125
0 0.32109375 0.6625 0.009375 0.025
1 0.34140625 0.2578125 0.0609375 0.20625
1 0.4125 0.284375 0.0515625 0.1859375
1 0.41796875 0.36015625 0.0640625 0.1453125
1 0.40703125 0.39296875 0.1140625 0.196875