2 0.64921875 0.85 0.1015625 0.278125
2 0.09140625 0.40546875 0.0703125 0.2234375
0 0.525 0.3171875 0.0203125 0.034375
1 0.7140625 0.803125 0.0984375 0.25
1 0.69453125 0.62109375 0.0796875 0.2
1 0.59140625 0.51640625 0.1125 0.284375
1 0.53671875 0.38125 0.0703125 0.1890625
1 0.48359375 0.309375 0.065625 0.21875
1 0.26796875 0.690625 0.0953125 0.353125
1 0.12734375 0.46484375 0.0625 0.2359375
1 0.3171875 0.5265625 0.0734375 0.259375
1 0.4078125 0.47890625 0.0953125 0.246875
1 0.43359375 0.621875 0.0796875 0.28125