1 0.2828125 0.37421875 0.078125 0.146875
2 0.07109375 0.59140625 0.0828125 0.21875
2 0.2828125 0.89609375 0.109375 0.2078125
2 0.77109375 0.34765625 0.0625 0.1703125
1 0.71796875 0.44375 0.1015625 0.203125
1 0.63515625 0.55 0.121875 0.225
1 0.61484375 0.57265625 0.0859375 0.2203125
1 0.475 0.57421875 0.09375 0.2265625
1 0.61875 0.7453125 0.1125 0.234375
1 0.6875 0.74140625 0.146875 0.290625
0 0.7203125 0.64921875 0.025 0.0390625
1 0.06953125 0.85625 0.0828125 0.246875
1 0.20078125 0.7515625 0.109375 0.253125
1 0.27578125 0.49453125 0.0796875 0.2015625