1 0.2 0.8546875 0.1265625 0.290625
0 0.26640625 0.5203125 0.028125 0.04375
2 0.31171875 0.39765625 0.0609375 0.1671875
1 0.34921875 0.596875 0.1171875 0.2421875
1 0.34609375 0.68515625 0.15625 0.2671875
2 0.5390625 0.8875 0.103125 0.225
1 0.9765625 0.67265625 0.046875 0.271875
2 0.90625 0.315625 0.0765625 0.215625
1 0.7140625 0.3390625 0.08125 0.2109375
1 0.58828125 0.39140625 0.0859375 0.2140625
1 0.64609375 0.53515625 0.115625 0.25
1 0.77265625 0.5859375 0.0921875 0.23125
1 0.30703125 0.63984375 0.1109375 0.275
1 0.4671875 0.53828125 0.1015625 0.2421875