0 0.4125 0.3546875 0.0140625 0.0234375
1 0.41328125 0.43125 0.0453125 0.2
1 0.403125 0.4515625 0.0578125 0.2046875
1 0.428125 0.475 0.0578125 0.3046875
2 0.36640625 0.384375 0.0359375 0.171875
1 0.31015625 0.51328125 0.0625 0.2453125
1 0.54296875 0.4921875 0.04375 0.20625
1 0.72421875 0.36796875 0.0734375 0.221875
1 0.89140625 0.50859375 0.0578125 0.2171875
1 0.70078125 0.61171875 0.040625 0.25625
1 0.9953125 0.53125 0.009375 0.14375
2 0.86796875 0.43125 0.0359375 0.171875
2 0.425 0.7953125 0.0578125 0.225