0 0.546875 0.20234375 0.0125 0.0234375
1 0.5453125 0.29140625 0.034375 0.171875
1 0.5703125 0.34140625 0.0515625 0.190625
1 0.75546875 0.3328125 0.034375 0.1546875
1 0.709375 0.5921875 0.034375 0.2265625
1 0.72265625 0.734375 0.065625 0.2875
2 0.63984375 0.82421875 0.053125 0.2578125
1 0.39921875 0.74453125 0.059375 0.259375
1 0.4546875 0.5875 0.034375 0.24375
1 0.44453125 0.46484375 0.0609375 0.221875
1 0.2953125 0.48984375 0.05 0.221875
1 0.3203125 0.54609375 0.04375 0.2234375
1 0.1328125 0.55703125 0.046875 0.221875
2 0.025 0.35546875 0.046875 0.19375