0 0.15859375 0.56953125 0.0234375 0.04375
1 0.14609375 0.58203125 0.1015625 0.25
2 0.1375 0.528125 0.06875 0.225
1 0.36640625 0.56875 0.071875 0.2625
1 0.50078125 0.46875 0.1265625 0.2375
1 0.51796875 0.3578125 0.08125 0.20625
1 0.803125 0.3921875 0.0875 0.21875
1 0.80703125 0.27734375 0.0484375 0.2109375
1 0.85078125 0.40859375 0.0828125 0.2171875
1 0.6296875 0.60078125 0.115625 0.2671875
1 0.65859375 0.56484375 0.096875 0.2796875
1 0.63203125 0.5984375 0.0734375 0.303125
2 0.82109375 0.26015625 0.053125 0.1734375
2 0.734375 0.6953125 0.065625 0.265625