2 0.621875 0.8359375 0.090625 0.2875
2 0.17109375 0.32890625 0.0578125 0.2078125
0 0.584375 0.31015625 0.01875 0.03125
1 0.68828125 0.7875 0.0984375 0.2375
1 0.696875 0.615625 0.06875 0.1875
1 0.6171875 0.50390625 0.1 0.265625
1 0.5859375 0.37109375 0.065625 0.1765625
1 0.54765625 0.296875 0.06875 0.20625
1 0.2921875 0.61796875 0.084375 0.33125
1 0.19453125 0.3875 0.0515625 0.21875
1 0.36171875 0.4734375 0.0765625 0.24375
1 0.45234375 0.44296875 0.0828125 0.2296875
1 0.4546875 0.578125 0.059375 0.2625