2 0.9453125 0.39140625 0.103125 0.2640625
2 0.41953125 0.7 0.1078125 0.221875
2 0.21953125 0.17109375 0.1046875 0.21875
1 0.7484375 0.51171875 0.134375 0.3
1 0.7109375 0.47578125 0.175 0.2828125
1 0.5984375 0.41015625 0.14375 0.2609375
1 0.57421875 0.39453125 0.128125 0.2984375
1 0.3578125 0.16171875 0.096875 0.2
1 0.3921875 0.36640625 0.153125 0.228125
1 0.396875 0.53515625 0.11875 0.2546875
1 0.28671875 0.48515625 0.1140625 0.2359375
1 0.2578125 0.5109375 0.15 0.275
1 0.046875 0.3203125 0.09375 0.228125