2 0.0734375 0.540625 0.071875 0.25625
2 0.65078125 0.70078125 0.0765625 0.2140625
2 0.71640625 0.14453125 0.059375 0.2078125
1 0.29140625 0.60625 0.084375 0.290625
1 0.31796875 0.5609375 0.1390625 0.265625
1 0.41015625 0.4703125 0.1125 0.25
1 0.4296875 0.4484375 0.1 0.290625
1 0.58125 0.17109375 0.06875 0.1921875
1 0.59765625 0.3765625 0.1265625 0.2125
1 0.6328125 0.53828125 0.090625 0.2484375
1 0.7265625 0.4625 0.090625 0.23125
1 0.7609375 0.48046875 0.125 0.2640625
1 0.91796875 0.24296875 0.0859375 0.2265625