0 0.5921875 0.68671875 0.0265625 0.0390625
2 0.71484375 0.7953125 0.1046875 0.2375
2 0.6609375 0.296875 0.059375 0.1640625
2 0.05859375 0.41640625 0.08125 0.1859375
1 0.18515625 0.521875 0.096875 0.24375
1 0.31953125 0.521875 0.0921875 0.2203125
1 0.54921875 0.653125 0.11875 0.190625
1 0.63671875 0.59453125 0.0890625 0.2015625
1 0.65859375 0.596875 0.0765625 0.259375
1 0.55078125 0.3296875 0.065625 0.18125
1 0.534375 0.35234375 0.1 0.1671875
1 0.49375 0.3828125 0.1046875 0.1953125
1 0.5375 0.41484375 0.0828125 0.1921875