2 0.23046875 0.3734375 0.0734375 0.203125
2 0.6890625 0.3265625 0.0671875 0.1625
2 0.62890625 0.884375 0.0765625 0.146875
0 0.69375 0.5171875 0.0203125 0.0328125
1 0.675 0.51015625 0.115625 0.1890625
1 0.64375 0.46796875 0.10625 0.2484375
1 0.67578125 0.42265625 0.0625 0.184375
1 0.75546875 0.41015625 0.065625 0.1828125
1 0.7515625 0.76015625 0.109375 0.2578125
1 0.61640625 0.6203125 0.0828125 0.2328125
1 0.40859375 0.46796875 0.1078125 0.2234375
1 0.29921875 0.54375 0.0875 0.228125
1 0.24921875 0.5 0.0765625 0.2390625
1 0.05546875 0.67734375 0.1046875 0.2609375