2 0.8640625 0.265625 0.071875 0.2265625
2 0.6453125 0.6796875 0.0703125 0.1796875
0 0.45546875 0.29296875 0.0203125 0.040625
1 0.68984375 0.17578125 0.05625 0.2234375
1 0.65703125 0.34609375 0.059375 0.23125
1 0.728125 0.52265625 0.0671875 0.2515625
1 0.5609375 0.5046875 0.0859375 0.2875
1 0.44765625 0.4203125 0.0734375 0.253125
1 0.40390625 0.51953125 0.0984375 0.275
1 0.3703125 0.4296875 0.0765625 0.23125
1 0.30078125 0.27421875 0.0859375 0.23125
1 0.228125 0.284375 0.090625 0.25
1 0.1546875 0.50703125 0.0671875 0.246875
2 0.15625 0.19453125 0.0640625 0.196875