2 0.06328125 0.534375 0.053125 0.221875
2 0.61640625 0.7234375 0.04375 0.1421875
0 0.84453125 0.33984375 0.0140625 0.0203125
1 0.8578125 0.45078125 0.046875 0.20625
1 0.8296875 0.365625 0.04375 0.21875
1 0.7515625 0.46171875 0.0890625 0.2109375
1 0.70078125 0.334375 0.046875 0.21875
2 0.6609375 0.2390625 0.0390625 0.18125
1 0.46484375 0.259375 0.06875 0.1640625
1 0.49921875 0.38984375 0.0484375 0.225
1 0.4640625 0.37265625 0.0625 0.2265625
1 0.46484375 0.59609375 0.0390625 0.25
1 0.51171875 0.6421875 0.065625 0.2671875
1 0.540625 0.446875 0.078125 0.1640625