2 0.178125 0.26171875 0.10625 0.2296875
2 0.33359375 0.69140625 0.1046875 0.1859375
0 0.5703125 0.34140625 0.025 0.0421875
1 0.36015625 0.19765625 0.1078125 0.2265625
1 0.36796875 0.36796875 0.1015625 0.2328125
1 0.27578125 0.52890625 0.1109375 0.2546875
1 0.4390625 0.5328125 0.140625 0.290625
1 0.5609375 0.465625 0.11875 0.25625
1 0.5890625 0.565625 0.1625 0.2875
1 0.634375 0.484375 0.10625 0.23125
1 0.72265625 0.34140625 0.121875 0.2359375
1 0.7921875 0.36015625 0.1375 0.2578125
1 0.83203125 0.58515625 0.1171875 0.2515625
2 0.87421875 0.28203125 0.09375 0.1984375