2 0.165625 0.33125 0.071875 0.21875
2 0.3875 0.72109375 0.071875 0.175
0 0.559375 0.34453125 0.01875 0.0390625
1 0.33125 0.2390625 0.04375 0.2125
1 0.3671875 0.4015625 0.046875 0.221875
1 0.3046875 0.5734375 0.084375 0.24375
1 0.4640625 0.55 0.1 0.278125
1 0.57109375 0.465625 0.0671875 0.240625
1 0.6140625 0.559375 0.109375 0.26875
1 0.64453125 0.471875 0.0703125 0.21875
1 0.70703125 0.3203125 0.0984375 0.228125
1 0.778125 0.328125 0.09375 0.24375
1 0.8546875 0.5390625 0.05625 0.234375
2 0.84453125 0.2390625 0.075 0.190625