0 0.4125 0.3546875 0.0125 0.021875
1 0.41328125 0.43125 0.0640625 0.203125
1 0.403125 0.4515625 0.078125 0.20625
1 0.428125 0.475 0.065625 0.30625
2 0.36640625 0.384375 0.0453125 0.171875
1 0.31015625 0.51328125 0.0828125 0.2484375
1 0.54296875 0.4921875 0.0546875 0.209375
1 0.72421875 0.36796875 0.09375 0.2265625
1 0.89140625 0.50859375 0.0640625 0.2171875
1 0.70078125 0.61171875 0.0671875 0.2578125
1 0.99140625 0.53046875 0.0171875 0.1421875
2 0.86796875 0.43125 0.0453125 0.171875
2 0.425 0.7953125 0.078125 0.228125