2 0.7625 0.43359375 0.084375 0.2078125
2 0.31875 0.275 0.06875 0.165625
2 0.24765625 0.840625 0.0703125 0.146875
0 0.26875 0.4625 0.021875 0.034375
1 0.28984375 0.46015625 0.1125 0.190625
1 0.33046875 0.4265625 0.1015625 0.253125
1 0.309375 0.3734375 0.059375 0.190625
1 0.234375 0.34140625 0.059375 0.1859375
1 0.15546875 0.6875 0.0984375 0.259375
1 0.321875 0.58359375 0.09375 0.2390625
1 0.5640625 0.484375 0.115625 0.23125
1 0.653125 0.58515625 0.09375 0.234375
1 0.71328125 0.55625 0.075 0.24375
1 0.86640625 0.77890625 0.1109375 0.2671875