0 0.62578125 0.78359375 0.0296875 0.0421875
1 0.41328125 0.31953125 0.0734375 0.2015625
1 0.390625 0.46796875 0.1 0.2359375
1 0.51484375 0.6421875 0.1421875 0.265625
1 0.59140625 0.6484375 0.1359375 0.30625
1 0.63203125 0.640625 0.0890625 0.23125
1 0.6765625 0.73046875 0.171875 0.253125
1 0.73515625 0.43046875 0.0859375 0.2265625
1 0.7265625 0.3328125 0.103125 0.221875
1 0.59296875 0.415625 0.0921875 0.215625
1 0.80546875 0.3609375 0.1078125 0.225
2 0.7203125 0.86796875 0.121875 0.2296875
2 0.60859375 0.26953125 0.075 0.2