2 0.778125 0.2671875 0.08125 0.209375
1 0.67265625 0.3828125 0.1140625 0.24375
1 0.64140625 0.246875 0.0671875 0.2
1 0.61953125 0.40546875 0.0828125 0.2421875
2 0.51328125 0.74609375 0.0609375 0.1359375
1 0.65859375 0.6015625 0.0890625 0.225
1 0.66875 0.696875 0.084375 0.215625
1 0.42890625 0.3234375 0.1234375 0.19375
1 0.35390625 0.46484375 0.0859375 0.2140625
2 0.16171875 0.25703125 0.059375 0.2
1 0.18125 0.60078125 0.10625 0.2609375
1 0.30078125 0.553125 0.0671875 0.24375
0 0.22109375 0.34375 0.01875 0.03125
1 0.21015625 0.378125 0.0828125 0.228125