1 0.03828125 0.65625 0.0765625 0.228125
1 0.26015625 0.45546875 0.1203125 0.2359375
2 0.31015625 0.26953125 0.0625 0.178125
1 0.32890625 0.41484375 0.109375 0.2453125
1 0.378125 0.45234375 0.0875 0.2359375
1 0.4171875 0.49609375 0.0890625 0.221875
1 0.42578125 0.65078125 0.1140625 0.2328125
1 0.44765625 0.75078125 0.1109375 0.2421875
2 0.228125 0.7578125 0.0984375 0.221875
1 0.68046875 0.44453125 0.0796875 0.203125
1 0.72890625 0.446875 0.1015625 0.2234375
2 0.90625 0.41875 0.1078125 0.1890625
2 0.8390625 0.6796875 0.1125 0.2515625