2 0.86171875 0.3984375 0.0859375 0.2125
2 0.5296875 0.74921875 0.0828125 0.1546875
2 0.17734375 0.16875 0.0859375 0.2109375
0 0.24140625 0.303125 0.0265625 0.040625
1 0.37578125 0.22109375 0.0734375 0.1859375
1 0.2125 0.434375 0.1078125 0.2859375
1 0.30390625 0.47109375 0.1125 0.2359375
1 0.36015625 0.48515625 0.1015625 0.2875
1 0.41640625 0.3546875 0.0890625 0.2328125
1 0.559375 0.3140625 0.103125 0.221875
1 0.6984375 0.2890625 0.075 0.1390625
1 0.68125 0.41640625 0.1 0.2421875
1 0.784375 0.60234375 0.115625 0.2375
1 0.71953125 0.778125 0.128125 0.2328125