2 0.475 0.9140625 0.0875 0.171875
2 0.165625 0.69140625 0.0828125 0.3078125
1 0.1671875 0.8828125 0.0875 0.234375
1 0.38984375 0.653125 0.075 0.3640625
1 0.50546875 0.628125 0.0578125 0.3359375
1 0.6953125 0.434375 0.08125 0.296875
1 0.6625 0.27890625 0.0578125 0.25625
1 0.62109375 0.43203125 0.0734375 0.296875
1 0.55625 0.34296875 0.0421875 0.2890625
1 0.47109375 0.44921875 0.0796875 0.3234375
0 0.39375 0.3296875 0.021875 0.0390625
1 0.37890625 0.52578125 0.0625 0.296875
1 0.4140625 0.5140625 0.05625 0.340625