2 0.36796875 0.7921875 0.0828125 0.2875
2 0.29765625 0.27109375 0.0703125 0.2046875
0 0.51328125 0.3078125 0.015625 0.03125
2 0.9109375 0.31640625 0.06875 0.2109375
1 0.87265625 0.59921875 0.0890625 0.2765625
1 0.7734375 0.5375 0.0953125 0.2609375
1 0.678125 0.51796875 0.0765625 0.259375
1 0.62421875 0.459375 0.075 0.253125
1 0.5359375 0.26953125 0.065625 0.2671875
1 0.5203125 0.290625 0.0484375 0.1390625
1 0.54765625 0.271875 0.096875 0.31875
1 0.5609375 0.54140625 0.1 0.2765625
1 0.4375 0.5015625 0.1484375 0.2609375
1 0.1125 0.71328125 0.1203125 0.3