1 0.04375 0.59375 0.0578125 0.159375
1 0.13046875 0.57421875 0.05625 0.2
2 0.35625 0.69140625 0.0453125 0.1609375
2 0.1625 0.34140625 0.0375 0.1390625
1 0.3078125 0.31953125 0.028125 0.121875
1 0.33671875 0.365625 0.0453125 0.1234375
1 0.57734375 0.321875 0.0265625 0.153125
1 0.58671875 0.30390625 0.0328125 0.13125
1 0.60078125 0.3984375 0.0515625 0.165625
1 0.63515625 0.346875 0.0359375 0.1828125
0 0.65 0.26796875 0.0125 0.021875
1 0.7734375 0.40703125 0.0421875 0.125
1 0.82734375 0.43671875 0.0546875 0.1203125
2 0.78984375 0.3125 0.028125 0.14375