0 0.21796875 0.3984375 0.0203125 0.034375
2 0.240625 0.21328125 0.05625 0.2125
1 0.49609375 0.19453125 0.0828125 0.2171875
2 0.3921875 0.75 0.090625 0.203125
1 0.159375 0.421875 0.11875 0.2375
1 0.55625 0.309375 0.06875 0.21875
1 0.59296875 0.36171875 0.0765625 0.2390625
1 0.55234375 0.3921875 0.1234375 0.253125
1 0.4546875 0.503125 0.084375 0.253125
1 0.38984375 0.52265625 0.1078125 0.2546875
1 0.3671875 0.42265625 0.078125 0.2453125
1 0.8625 0.67734375 0.06875 0.2421875
1 0.75859375 0.596875 0.1109375 0.24375