2 0.328125 0.7421875 0.0546875 0.109375
2 0.95546875 0.5796875 0.04375 0.2625
0 0.7078125 0.20546875 0.01875 0.0359375
1 0.709375 0.35546875 0.0703125 0.290625
1 0.6390625 0.4078125 0.05 0.246875
1 0.41328125 0.38515625 0.0671875 0.23125
1 0.58359375 0.1984375 0.0578125 0.2125
1 0.3421875 0.3484375 0.09375 0.2359375
2 0.30078125 0.19921875 0.046875 0.2078125
1 0.38203125 0.534375 0.05625 0.28125
1 0.66953125 0.4828125 0.04375 0.25625
1 0.50546875 0.5140625 0.078125 0.2796875
1 0.75234375 0.58515625 0.046875 0.25
1 0.77890625 0.67578125 0.103125 0.26875