2 0.29140625 0.19765625 0.053125 0.1921875
2 0.38359375 0.734375 0.06875 0.13125
2 0.89765625 0.55625 0.0546875 0.24375
1 0.23671875 0.328125 0.059375 0.215625
1 0.36328125 0.40078125 0.0484375 0.25
0 0.4359375 0.56640625 0.021875 0.0375
1 0.4359375 0.57421875 0.065625 0.271875
1 0.4734375 0.5421875 0.134375 0.240625
1 0.51328125 0.2078125 0.0546875 0.196875
1 0.52578125 0.3734375 0.0484375 0.221875
1 0.5890625 0.4828125 0.0625 0.240625
1 0.6875 0.50078125 0.075 0.1828125
1 0.66796875 0.61953125 0.1171875 0.2328125
1 0.77109375 0.65703125 0.053125 0.2421875