2 0.44296875 0.8765625 0.1015625 0.246875
1 0.34375 0.8140625 0.1203125 0.2953125
1 0.9953125 0.628125 0.009375 0.18125
2 0.9609375 0.2625 0.0515625 0.1984375
2 0.3234375 0.31953125 0.0609375 0.184375
0 0.3703125 0.303125 0.0234375 0.0328125
1 0.375 0.44921875 0.0734375 0.2359375
1 0.39296875 0.46484375 0.090625 0.275
1 0.47890625 0.671875 0.121875 0.2953125
1 0.47265625 0.50078125 0.0734375 0.2515625
1 0.48359375 0.44375 0.1015625 0.259375
1 0.540625 0.4890625 0.109375 0.2046875
1 0.5703125 0.26328125 0.0859375 0.2265625
1 0.61171875 0.5171875 0.103125 0.2546875