2 0.19140625 0.1921875 0.0671875 0.209375
2 0.49453125 0.70546875 0.078125 0.1796875
1 0.20234375 0.65234375 0.0890625 0.2859375
1 0.22265625 0.5609375 0.1046875 0.2875
0 0.38359375 0.35546875 0.021875 0.0328125
1 0.403125 0.4703125 0.0625 0.2375
1 0.428125 0.38828125 0.08125 0.2953125
1 0.45234375 0.25546875 0.0671875 0.2359375
1 0.4828125 0.11953125 0.078125 0.215625
1 0.6578125 0.2421875 0.078125 0.203125
1 0.61953125 0.296875 0.0734375 0.25625
1 0.60390625 0.4203125 0.090625 0.265625
1 0.7015625 0.4578125 0.09375 0.253125
2 0.86171875 0.16484375 0.0765625 0.2109375