2 0.42734375 0.93203125 0.1015625 0.1328125
2 0.09609375 0.7109375 0.0921875 0.334375
1 0.09140625 0.89296875 0.096875 0.2015625
1 0.34296875 0.67578125 0.084375 0.3984375
1 0.4703125 0.65078125 0.109375 0.3703125
1 0.6859375 0.44453125 0.115625 0.328125
1 0.6546875 0.2734375 0.08125 0.28125
1 0.6046875 0.4390625 0.1 0.325
1 0.5375 0.340625 0.0625 0.31875
1 0.4390625 0.4546875 0.115625 0.35625
0 0.36015625 0.32265625 0.0234375 0.04375
1 0.3359375 0.53515625 0.084375 0.3265625
1 0.37421875 0.52421875 0.0828125 0.3734375