0 0.596875 0.80859375 0.025 0.040625
1 0.43671875 0.28359375 0.0515625 0.2140625
1 0.39296875 0.4390625 0.05625 0.246875
1 0.49921875 0.6421875 0.090625 0.26875
1 0.58046875 0.66015625 0.08125 0.3171875
1 0.62421875 0.65859375 0.059375 0.24375
1 0.659375 0.7609375 0.1421875 0.25
1 0.76484375 0.45078125 0.0546875 0.2375
1 0.7703125 0.34609375 0.071875 0.2296875
1 0.61484375 0.41484375 0.059375 0.2234375
1 0.84921875 0.3859375 0.0609375 0.23125
2 0.6859375 0.8984375 0.071875 0.203125
2 0.65234375 0.259375 0.046875 0.2109375