1 0.18515625 0.79296875 0.1421875 0.3171875
1 0.32421875 0.50078125 0.115625 0.296875
1 0.34609375 0.51015625 0.13125 0.3265625
1 0.2734375 0.51640625 0.140625 0.3015625
1 0.4015625 0.50234375 0.134375 0.296875
1 0.465625 0.7265625 0.1484375 0.3828125
1 0.66015625 0.68203125 0.146875 0.309375
1 0.7890625 0.58671875 0.1140625 0.2828125
1 0.81484375 0.86484375 0.178125 0.2703125
2 0.37890625 0.275 0.0828125 0.2265625
2 0.30546875 0.86171875 0.1140625 0.2265625
0 0.42734375 0.21015625 0.0234375 0.0390625