1 0.08203125 0.45859375 0.0546875 0.225
1 0.22265625 0.4875 0.0625 0.2125
1 0.26875 0.63046875 0.0578125 0.246875
1 0.3859375 0.334375 0.04375 0.1765625
1 0.653125 0.31328125 0.0359375 0.171875
1 0.68046875 0.38046875 0.0390625 0.1875
1 0.5171875 0.39765625 0.0390625 0.18125
1 0.45 0.4734375 0.0375 0.2015625
1 0.4640625 0.57734375 0.0578125 0.225
1 0.5359375 0.48359375 0.0625 0.2125
2 0.1375 0.353125 0.05 0.178125
2 0.84765625 0.37578125 0.0359375 0.1671875
2 0.703125 0.71640625 0.0515625 0.2234375
0 0.3015625 0.728125 0.021875 0.0375