2 0.5578125 0.83828125 0.115625 0.3046875
2 0.75390625 0.33125 0.1 0.21875
0 0.52734375 0.31484375 0.01875 0.0328125
2 0.121875 0.22265625 0.1 0.228125
1 0.09375 0.51796875 0.1375 0.296875
1 0.2078125 0.48046875 0.115625 0.2765625
1 0.31015625 0.4859375 0.0953125 0.271875
1 0.378125 0.43984375 0.109375 0.26875
1 0.5125 0.26953125 0.10625 0.284375
1 0.5234375 0.29453125 0.071875 0.1484375
1 0.50078125 0.26875 0.1265625 0.3375
1 0.421875 0.5375 0.11875 0.29375
1 0.5578125 0.528125 0.18125 0.284375
1 0.834375 0.8234375 0.178125 0.328125