2 0.85390625 0.23984375 0.078125 0.2125
2 0.48125 0.7015625 0.08125 0.1828125
1 0.77890625 0.69296875 0.10625 0.2890625
1 0.7703125 0.59921875 0.13125 0.29375
0 0.63984375 0.371875 0.021875 0.0328125
1 0.60546875 0.48359375 0.090625 0.24375
1 0.5921875 0.39765625 0.0921875 0.296875
1 0.58671875 0.26328125 0.0796875 0.2390625
1 0.575 0.1234375 0.084375 0.21875
1 0.384375 0.21875 0.0953125 0.209375
1 0.41484375 0.278125 0.090625 0.2578125
1 0.4140625 0.403125 0.125 0.2765625
1 0.31171875 0.42578125 0.109375 0.259375
2 0.19453125 0.11171875 0.0921875 0.2140625