2 0.42265625 0.85078125 0.1546875 0.2984375
2 0.79453125 0.28046875 0.103125 0.2140625
0 0.384375 0.3296875 0.021875 0.034375
1 0.35078125 0.8140625 0.1328125 0.240625
1 0.31875 0.646875 0.115625 0.196875
1 0.38046875 0.52421875 0.1578125 0.2796875
1 0.39140625 0.3890625 0.0984375 0.184375
1 0.41875 0.309375 0.09375 0.209375
1 0.7171875 0.584375 0.125 0.33125
1 0.7796875 0.3421875 0.096875 0.225
1 0.62734375 0.45234375 0.1046875 0.2453125
1 0.53359375 0.4375 0.1390625 0.24375
1 0.55078125 0.571875 0.109375 0.265625