2 0.35625 0.81171875 0.071875 0.2015625
0 0.56875 0.3953125 0.015625 0.03125
2 0.31171875 0.3390625 0.0296875 0.15
1 0.2140625 0.74921875 0.075 0.2421875
1 0.3078125 0.62421875 0.046875 0.2234375
1 0.4796875 0.4671875 0.078125 0.190625
1 0.475 0.6015625 0.0625 0.221875
1 0.5578125 0.46015625 0.05625 0.1546875
1 0.57109375 0.50078125 0.0609375 0.2140625
1 0.6546875 0.440625 0.08125 0.203125
1 0.70546875 0.5625 0.0765625 0.25
1 0.6421875 0.7515625 0.075 0.246875
1 0.934375 0.671875 0.065625 0.2375