0 0.5265625 0.5203125 0.0265625 0.040625
2 0.84921875 0.41328125 0.0875 0.2078125
2 0.328125 0.31015625 0.075 0.228125
2 0.44296875 0.90859375 0.0734375 0.1828125
1 0.22890625 0.74921875 0.1046875 0.25625
1 0.35234375 0.71171875 0.14375 0.3046875
1 0.4140625 0.71171875 0.1015625 0.2890625
1 0.33828125 0.5203125 0.115625 0.2546875
1 0.53828125 0.28515625 0.0765625 0.221875
1 0.5078125 0.3625 0.1 0.2265625
1 0.471875 0.490625 0.1015625 0.2390625
1 0.53125 0.5171875 0.1015625 0.2
1 0.7109375 0.64453125 0.1125 0.26875
1 0.8578125 0.72578125 0.1203125 0.2921875