2 0.61171875 0.8796875 0.0921875 0.2375
1 0.70859375 0.81796875 0.1109375 0.3109375
1 0.003125 0.68828125 0.00625 0.1890625
2 0.01875 0.2984375 0.0375 0.209375
2 0.684375 0.29609375 0.071875 0.196875
0 0.6328125 0.284375 0.025 0.0375
1 0.640625 0.4375 0.0875 0.25
1 0.62421875 0.45546875 0.0734375 0.2890625
1 0.553125 0.68125 0.128125 0.3125
1 0.54375 0.50234375 0.08125 0.2671875
1 0.52734375 0.4421875 0.0859375 0.271875
1 0.471875 0.4953125 0.1125 0.215625
1 0.41953125 0.2609375 0.0921875 0.240625
1 0.3984375 0.53203125 0.1125 0.2703125