0 0.3578125 0.665625 0.025 0.04375
2 0.140625 0.778125 0.078125 0.2703125
2 0.32265625 0.13359375 0.0453125 0.203125
1 0.396875 0.21328125 0.084375 0.2453125
1 0.5328125 0.25234375 0.0484375 0.234375
1 0.62421875 0.44140625 0.078125 0.2734375
1 0.60859375 0.465625 0.0953125 0.26875
1 0.5625 0.50703125 0.0828125 0.2875
1 0.70234375 0.48984375 0.06875 0.309375
1 0.4171875 0.60234375 0.1171875 0.2078125
1 0.3625 0.621875 0.115625 0.246875
1 0.23203125 0.496875 0.0859375 0.2453125
1 0.140625 0.55703125 0.0703125 0.265625