2 0.41171875 0.85078125 0.103125 0.29375
2 0.85078125 0.29765625 0.0703125 0.21875
0 0.41875 0.3046875 0.0203125 0.0328125
1 0.3390625 0.8078125 0.0984375 0.24375
1 0.32109375 0.62890625 0.0796875 0.1953125
1 0.396875 0.50703125 0.1125 0.278125
1 0.42109375 0.3671875 0.0703125 0.1859375
1 0.45703125 0.28828125 0.065625 0.2140625
1 0.74296875 0.60625 0.09375 0.3453125
1 0.8296875 0.3609375 0.0640625 0.2296875
1 0.6609375 0.459375 0.0734375 0.253125
1 0.56484375 0.43359375 0.09375 0.240625
1 0.5703125 0.57578125 0.0796875 0.275