2 0.2421875 0.890625 0.084375 0.196875
0 0.88046875 0.52578125 0.025 0.0390625
1 0.90625 0.70546875 0.09375 0.3015625
2 0.92109375 0.36875 0.05625 0.2046875
1 0.78046875 0.4109375 0.0859375 0.2671875
1 0.6984375 0.44765625 0.0859375 0.2453125
1 0.53203125 0.303125 0.103125 0.203125
1 0.4234375 0.34296875 0.06875 0.246875
1 0.2859375 0.59296875 0.09375 0.33125
1 0.33359375 0.5296875 0.084375 0.2765625
1 0.4640625 0.57265625 0.0765625 0.2984375
1 0.609375 0.7640625 0.1453125 0.3140625
1 0.128125 0.6140625 0.0671875 0.2859375
2 0.15703125 0.3515625 0.065625 0.2390625