2 0.21875 0.309375 0.08125 0.2125
2 0.42265625 0.7484375 0.0765625 0.153125
2 0.928125 0.32265625 0.09375 0.2125
0 0.82734375 0.4265625 0.025 0.040625
1 0.7265625 0.30546875 0.06875 0.184375
1 0.81484375 0.55859375 0.109375 0.2859375
1 0.71875 0.56328125 0.121875 0.2390625
1 0.6609375 0.5578125 0.096875 0.2875
1 0.64765625 0.4171875 0.0890625 0.23125
1 0.52734375 0.33125 0.1046875 0.225
1 0.40546875 0.26171875 0.0828125 0.1421875
1 0.3828125 0.38671875 0.090625 0.2390625
1 0.22890625 0.5265625 0.1015625 0.234375
1 0.2359375 0.7125 0.134375 0.2375