2 0.184375 0.2953125 0.0640625 0.209375
1 0.30546875 0.396875 0.0984375 0.2421875
1 0.31953125 0.25625 0.059375 0.2015625
1 0.3609375 0.4109375 0.0671875 0.24375
2 0.5140625 0.740625 0.0640625 0.1359375
1 0.3484375 0.61484375 0.078125 0.2234375
1 0.35 0.7125 0.0671875 0.215625
1 0.54296875 0.30234375 0.1234375 0.1953125
1 0.63671875 0.434375 0.065625 0.2140625
2 0.80390625 0.19765625 0.0625 0.2046875
1 0.828125 0.546875 0.0828125 0.2609375
1 0.7015625 0.51640625 0.0671875 0.25
0 0.7546875 0.29375 0.01875 0.03125
1 0.7703125 0.3265625 0.075 0.2265625