2 0.6859375 0.78359375 0.065625 0.1171875
2 0.0265625 0.60078125 0.053125 0.2828125
0 0.28359375 0.2046875 0.0265625 0.040625
1 0.28125 0.365625 0.090625 0.315625
1 0.35546875 0.42265625 0.0546875 0.2640625
1 0.596875 0.40078125 0.0875 0.2515625
1 0.41640625 0.19921875 0.06875 0.228125
1 0.6734375 0.3625 0.1 0.253125
2 0.71796875 0.203125 0.0515625 0.221875
1 0.6296875 0.56171875 0.090625 0.3046875
1 0.32265625 0.50234375 0.0578125 0.2765625
1 0.496875 0.5375 0.0875 0.3
1 0.23359375 0.61015625 0.059375 0.2703125
1 0.20390625 0.70625 0.1171875 0.290625