2 0.91875 0.5875 0.0390625 0.2546875
2 0.22109375 0.271875 0.0609375 0.2
2 0.13828125 0.78203125 0.05 0.234375
1 0.14296875 0.575 0.0765625 0.25
1 0.31171875 0.31640625 0.05625 0.2328125
1 0.55546875 0.37421875 0.0578125 0.2328125
1 0.5046875 0.31171875 0.0265625 0.04375
1 0.53359375 0.4140625 0.05 0.2171875
1 0.49453125 0.42109375 0.065625 0.2265625
1 0.503125 0.46796875 0.078125 0.2140625
1 0.60703125 0.4796875 0.0765625 0.209375
1 0.6078125 0.525 0.1046875 0.225
1 0.41328125 0.5625 0.0890625 0.1890625
0 0.578125 0.54765625 0.021875 0.0390625