2 0.390625 0.90625 0.109375 0.1734375
2 0.11484375 0.64296875 0.121875 0.3203125
1 0.0859375 0.83125 0.1171875 0.2375
1 0.34609375 0.63671875 0.121875 0.375
1 0.465625 0.6296875 0.1015625 0.3453125
1 0.68984375 0.46328125 0.11875 0.3078125
1 0.68125 0.3015625 0.090625 0.2640625
1 0.615625 0.4484375 0.1109375 0.30625
1 0.56484375 0.35 0.0796875 0.296875
1 0.46171875 0.44453125 0.1203125 0.334375
0 0.4046875 0.3140625 0.0265625 0.0421875
1 0.35703125 0.50703125 0.1015625 0.3046875
1 0.39296875 0.5015625 0.1 0.3484375