2 0.17890625 0.8546875 0.071875 0.2234375
2 0.9890625 0.596875 0.021875 0.2125
1 0.9390625 0.66484375 0.0671875 0.253125
1 0.8171875 0.58984375 0.0609375 0.2171875
1 0.6703125 0.31484375 0.0484375 0.15625
2 0.46640625 0.30703125 0.0390625 0.14375
1 0.64765625 0.390625 0.0421875 0.190625
1 0.665625 0.63671875 0.0609375 0.2125
1 0.58046875 0.76484375 0.0921875 0.2671875
1 0.25546875 0.4046875 0.053125 0.1609375
1 0.375 0.44296875 0.0515625 0.18125
1 0.29921875 0.5546875 0.0640625 0.1984375
0 0.1640625 0.61875 0.01875 0.028125
1 0.13984375 0.5875 0.0734375 0.2015625