2 0.796875 0.8828125 0.0921875 0.1515625
0 0.1546875 0.6234375 0.028125 0.0390625
1 0.14765625 0.7984375 0.11875 0.2953125
2 0.10078125 0.4765625 0.0734375 0.1984375
1 0.23984375 0.50234375 0.10625 0.2625
1 0.321875 0.52890625 0.1046875 0.2421875
1 0.46796875 0.3734375 0.115625 0.203125
1 0.575 0.39921875 0.0890625 0.240625
1 0.73125 0.625 0.121875 0.3234375
1 0.67890625 0.56875 0.10625 0.2703125
1 0.55859375 0.62421875 0.1015625 0.290625
1 0.4375 0.8234375 0.1671875 0.3140625
1 0.884375 0.6265625 0.0921875 0.278125
2 0.83125 0.3796875 0.0859375 0.2328125