2 0.3578125 0.7828125 0.090625 0.284375
2 0.30625 0.26640625 0.0765625 0.2015625
0 0.51796875 0.3109375 0.0171875 0.03125
2 0.91171875 0.33515625 0.075 0.209375
1 0.86328125 0.61484375 0.0984375 0.2734375
1 0.76796875 0.5484375 0.103125 0.2578125
1 0.67421875 0.52578125 0.0828125 0.25625
1 0.62265625 0.46484375 0.0828125 0.2484375
1 0.5421875 0.27421875 0.0734375 0.2640625
1 0.52578125 0.29453125 0.0515625 0.1375
1 0.553125 0.27734375 0.10625 0.315625
1 0.55703125 0.54296875 0.1078125 0.2734375
1 0.43515625 0.49921875 0.1546875 0.2625
1 0.1078125 0.6953125 0.1296875 0.296875