2 0.78984375 0.92734375 0.0671875 0.1453125
1 0.0265625 0.68515625 0.053125 0.2640625
1 0.15625 0.621875 0.0625 0.225
1 0.3375 0.3546875 0.05 0.1625
2 0.54921875 0.37109375 0.0421875 0.1515625
1 0.35390625 0.43515625 0.0515625 0.2
1 0.31015625 0.6890625 0.0703125 0.221875
1 0.384375 0.83125 0.11875 0.2875
1 0.75859375 0.49765625 0.0578125 0.16875
1 0.6296875 0.5234375 0.059375 0.190625
1 0.696875 0.64765625 0.0625 0.2078125
0 0.83046875 0.73046875 0.0203125 0.028125
1 0.85859375 0.7015625 0.0859375 0.215625