2 0.3578125 0.7828125 0.103125 0.2875
2 0.30625 0.26640625 0.078125 0.2015625
0 0.51796875 0.3109375 0.01875 0.03125
2 0.91171875 0.33515625 0.0890625 0.2140625
1 0.86328125 0.61484375 0.103125 0.275
1 0.76796875 0.5484375 0.1234375 0.265625
1 0.67421875 0.52578125 0.1015625 0.2609375
1 0.62265625 0.46484375 0.0921875 0.2515625
1 0.5421875 0.27421875 0.1 0.26875
1 0.52578125 0.29453125 0.0609375 0.140625
1 0.553125 0.27734375 0.13125 0.321875
1 0.55703125 0.54296875 0.1171875 0.2765625
1 0.43515625 0.49921875 0.1578125 0.2640625
1 0.1078125 0.6953125 0.146875 0.303125