2 0.97890625 0.421875 0.0421875 0.275
2 0.3984375 0.6703125 0.096875 0.228125
2 0.27265625 0.09921875 0.0734375 0.1890625
1 0.7734375 0.52109375 0.08125 0.3109375
1 0.740625 0.4765625 0.14375 0.284375
1 0.6328125 0.390625 0.09375 0.259375
1 0.609375 0.36953125 0.065625 0.3078125
1 0.41953125 0.096875 0.0640625 0.19375
1 0.421875 0.31484375 0.134375 0.2265625
1 0.40078125 0.49296875 0.1171875 0.2703125
1 0.29296875 0.42421875 0.1046875 0.2453125
1 0.25859375 0.44765625 0.1328125 0.28125
1 0.065625 0.2125 0.0875 0.240625