2 0.35 0.78984375 0.0703125 0.2890625
2 0.26796875 0.26953125 0.0609375 0.203125
0 0.484375 0.3 0.015625 0.03125
2 0.8859375 0.29375 0.0578125 0.2109375
1 0.853125 0.5796875 0.078125 0.2765625
1 0.75234375 0.52109375 0.084375 0.2609375
1 0.65546875 0.5046875 0.0640625 0.2578125
1 0.6 0.44765625 0.0640625 0.2515625
1 0.5078125 0.259375 0.053125 0.2671875
1 0.4921875 0.28125 0.0421875 0.1390625
1 0.51875 0.26171875 0.0828125 0.31875
1 0.5390625 0.53203125 0.0890625 0.2765625
1 0.41328125 0.49609375 0.1375 0.259375
1 0.09140625 0.72109375 0.1078125 0.2984375