2 0.35546875 0.91953125 0.0875 0.15625
0 0.8890625 0.5 0.025 0.0375
1 0.9421875 0.66328125 0.1046875 0.2859375
2 0.90078125 0.34765625 0.0640625 0.19375
1 0.77734375 0.40859375 0.0953125 0.2546875
1 0.70703125 0.45625 0.09375 0.234375
1 0.528125 0.346875 0.10625 0.1953125
1 0.43515625 0.4 0.078125 0.234375
1 0.34765625 0.653125 0.10625 0.3140625
1 0.38125 0.58671875 0.09375 0.2609375
1 0.509375 0.60703125 0.0875 0.2828125
1 0.675 0.76328125 0.1515625 0.3015625
1 0.20390625 0.696875 0.0796875 0.2703125
2 0.18828125 0.44921875 0.075 0.2265625