2 0.06875 0.57109375 0.0984375 0.259375
2 0.6609375 0.6640625 0.0953125 0.2140625
2 0.66171875 0.1046875 0.0828125 0.209375
1 0.29296875 0.6109375 0.109375 0.2890625
1 0.31484375 0.5640625 0.1484375 0.2671875
1 0.3953125 0.4625 0.1203125 0.246875
1 0.4125 0.43828125 0.1015625 0.2875
1 0.53125 0.14609375 0.0859375 0.19375
1 0.5703125 0.34765625 0.146875 0.2203125
1 0.625 0.503125 0.121875 0.2515625
1 0.709375 0.4171875 0.1046875 0.228125
1 0.74453125 0.43046875 0.1484375 0.26875
1 0.87421875 0.17734375 0.096875 0.225