0 0.5109375 0.4828125 0.03125 0.04375
2 0.784375 0.26015625 0.115625 0.2234375
2 0.2421875 0.3515625 0.103125 0.240625
2 0.5734375 0.896875 0.090625 0.203125
1 0.30625 0.815625 0.14375 0.275
1 0.41171875 0.73359375 0.1953125 0.33125
1 0.471875 0.71171875 0.146875 0.3078125
1 0.32734375 0.5515625 0.1546875 0.275
1 0.4359375 0.25 0.103125 0.234375
1 0.434375 0.33515625 0.1375 0.2453125
1 0.446875 0.47421875 0.11875 0.2484375
1 0.51484375 0.47890625 0.1359375 0.2171875
1 0.73515625 0.53671875 0.1359375 0.2828125
1 0.90625 0.56171875 0.1375 0.3046875