2 0.390625 0.90625 0.11875 0.18125
2 0.11484375 0.64296875 0.1484375 0.328125
1 0.0859375 0.83125 0.115625 0.2375
1 0.34609375 0.63671875 0.1375 0.3796875
1 0.465625 0.6296875 0.109375 0.346875
1 0.68984375 0.46328125 0.1234375 0.309375
1 0.68125 0.3015625 0.11875 0.271875
1 0.615625 0.4484375 0.146875 0.315625
1 0.56484375 0.35 0.1109375 0.3
1 0.46171875 0.44453125 0.134375 0.3390625
0 0.4046875 0.3140625 0.028125 0.040625
1 0.35703125 0.50703125 0.1140625 0.3078125
1 0.39296875 0.5015625 0.134375 0.353125