2 0.8125 0.2703125 0.05625 0.1921875
2 0.51171875 0.71953125 0.0609375 0.1640625
1 0.78125 0.68828125 0.075 0.2609375
1 0.7671875 0.603125 0.0984375 0.2625
0 0.62890625 0.40625 0.0171875 0.0296875
1 0.60625 0.5109375 0.065625 0.2203125
1 0.5875 0.434375 0.0609375 0.2703125
1 0.57109375 0.31171875 0.0546875 0.2171875
1 0.54921875 0.1859375 0.0609375 0.196875
1 0.38359375 0.2875 0.071875 0.1875
1 0.41640625 0.3390625 0.0625 0.2328125
1 0.42421875 0.45390625 0.09375 0.2484375
1 0.33359375 0.48125 0.08125 0.2328125
2 0.20078125 0.2046875 0.06875 0.1921875