2 0.728125 0.2515625 0.084375 0.1875
2 0.09765625 0.35078125 0.1078125 0.2140625
1 0.11796875 0.70078125 0.1640625 0.2734375
1 0.22890625 0.5953125 0.1390625 0.278125
1 0.553125 0.46484375 0.1 0.2046875
2 0.753125 0.72890625 0.1 0.1859375
0 0.54765625 0.44296875 0.0234375 0.0359375
1 0.71328125 0.49765625 0.1375 0.2578125
1 0.60546875 0.40234375 0.1453125 0.259375
1 0.60859375 0.51875 0.1140625 0.25
1 0.57109375 0.43984375 0.0859375 0.1859375
1 0.5078125 0.41015625 0.121875 0.2109375
1 0.51171875 0.525 0.1515625 0.25625