1 0.33515625 0.31171875 0.05 0.1328125
2 0.11484375 0.5046875 0.0609375 0.203125
2 0.28515625 0.82265625 0.06875 0.2234375
2 0.7984375 0.31953125 0.0390625 0.1578125
1 0.7390625 0.40625 0.0640625 0.18125
1 0.65078125 0.5015625 0.078125 0.2015625
1 0.63046875 0.521875 0.0546875 0.2015625
1 0.4984375 0.5140625 0.06875 0.209375
1 0.61796875 0.684375 0.0921875 0.2171875
1 0.6828125 0.68671875 0.1046875 0.2640625
0 0.721875 0.60078125 0.01875 0.034375
1 0.078125 0.7546875 0.0765625 0.23125
1 0.22265625 0.66328125 0.06875 0.2296875
1 0.3171875 0.4265625 0.04375 0.1875