2 0.246875 0.33984375 0.0625 0.2046875
2 0.71015625 0.26640625 0.0578125 0.1625
2 0.678125 0.83671875 0.06875 0.1453125
0 0.725 0.459375 0.01875 0.0328125
1 0.7046875 0.45390625 0.10625 0.1859375
1 0.671875 0.4125 0.09375 0.2484375
1 0.70234375 0.3640625 0.0515625 0.1875
1 0.78203125 0.34765625 0.0546875 0.184375
1 0.79765625 0.703125 0.0953125 0.2578125
1 0.6515625 0.56953125 0.0703125 0.234375
1 0.4328125 0.42734375 0.096875 0.2234375
1 0.32578125 0.509375 0.075 0.228125
1 0.27265625 0.46953125 0.0625 0.240625
1 0.0828125 0.6609375 0.096875 0.2609375