1 0.8421875 0.734375 0.0921875 0.2828125
0 0.7015625 0.42890625 0.021875 0.040625
2 0.62890625 0.3203125 0.040625 0.1640625
1 0.6390625 0.52109375 0.0890625 0.234375
1 0.66171875 0.60546875 0.1265625 0.253125
2 0.52109375 0.8671875 0.075 0.253125
1 0.0265625 0.75546875 0.053125 0.2640625
2 0.034375 0.3859375 0.05 0.2125
1 0.22578125 0.3609375 0.0546875 0.2078125
1 0.36015625 0.38203125 0.059375 0.209375
1 0.3359375 0.53359375 0.0859375 0.2421875
1 0.225 0.61328125 0.065625 0.2265625
1 0.6890625 0.55390625 0.0765625 0.2703125
1 0.5109375 0.49453125 0.071875 0.2375