2 0.1109375 0.34921875 0.096875 0.234375
2 0.42265625 0.70625 0.0890625 0.1875
0 0.51875 0.28125 0.0234375 0.0421875
1 0.2609375 0.21953125 0.078125 0.228125
1 0.3328125 0.38046875 0.0828125 0.2359375
1 0.3046875 0.571875 0.0921875 0.2578125
1 0.4640625 0.5140625 0.115625 0.2953125
1 0.55703125 0.4046875 0.1 0.259375
1 0.62109375 0.4921875 0.1265625 0.284375
1 0.634375 0.3953125 0.1 0.2390625
1 0.66640625 0.2265625 0.109375 0.240625
1 0.740625 0.2203125 0.1171875 0.259375
1 0.86328125 0.421875 0.09375 0.2546875
2 0.78984375 0.1140625 0.0828125 0.203125