2 0.48671875 0.74921875 0.065625 0.10625
2 0.16640625 0.35078125 0.0734375 0.2625
2 0.925 0.11328125 0.0875 0.2265625
1 0.68828125 0.46328125 0.15 0.2640625
1 0.7109375 0.4390625 0.13125 0.2546875
1 0.51640625 0.3890625 0.103125 0.234375
1 0.45625 0.3375 0.153125 0.2640625
1 0.4265625 0.159375 0.0765625 0.21875
1 0.42734375 0.2515625 0.084375 0.234375
1 0.3234375 0.490625 0.09375 0.296875
1 0.4078125 0.53046875 0.1046875 0.284375
1 0.5140625 0.69296875 0.0875 0.2046875
0 0.50859375 0.39375 0.0265625 0.034375