2 0.7796875 0.38828125 0.0703125 0.1734375
1 0.4171875 0.59453125 0.1296875 0.209375
2 0.58125 0.77421875 0.075 0.1765625
1 0.3046875 0.35625 0.065625 0.1671875
1 0.46640625 0.62734375 0.109375 0.2296875
2 0.1578125 0.265625 0.065625 0.1703125
1 0.6203125 0.3484375 0.0890625 0.184375
1 0.584375 0.3 0.0875 0.18125
1 0.503125 0.28125 0.071875 0.1640625
1 0.53828125 0.38203125 0.0921875 0.184375
1 0.47265625 0.44453125 0.1015625 0.16875
1 0.4015625 0.49921875 0.1046875 0.2140625
1 0.37421875 0.4828125 0.1 0.225