2 0.83125 0.29921875 0.0765625 0.1953125
2 0.478125 0.71640625 0.0796875 0.16875
1 0.75078125 0.71171875 0.1046875 0.2640625
1 0.746875 0.62578125 0.128125 0.26875
0 0.63203125 0.41640625 0.0203125 0.0296875
1 0.596875 0.51796875 0.090625 0.2234375
1 0.58671875 0.440625 0.0921875 0.271875
1 0.58515625 0.3171875 0.0796875 0.21875
1 0.578125 0.1890625 0.08125 0.2
1 0.40234375 0.2734375 0.090625 0.1921875
1 0.428125 0.32890625 0.0890625 0.2359375
1 0.42265625 0.44375 0.121875 0.253125
1 0.3296875 0.46171875 0.1078125 0.2375
2 0.2296875 0.17421875 0.0890625 0.196875