2 0.71328125 0.72265625 0.0640625 0.1171875
2 0.06171875 0.5328125 0.0609375 0.278125
0 0.340625 0.1484375 0.021875 0.0375
1 0.33203125 0.3046875 0.1078125 0.315625
1 0.40390625 0.3625 0.0890625 0.2625
1 0.64140625 0.3453125 0.0859375 0.25
1 0.471875 0.14375 0.06875 0.225
1 0.7171875 0.309375 0.13125 0.2625
2 0.76875 0.15390625 0.06875 0.2234375
1 0.6671875 0.503125 0.071875 0.3
1 0.3671875 0.440625 0.071875 0.275
1 0.5375 0.478125 0.090625 0.3
1 0.27578125 0.54453125 0.0703125 0.2671875
1 0.24296875 0.6390625 0.1359375 0.29375