2 0.61171875 0.909375 0.0984375 0.16875
0 0.13203125 0.4765625 0.0265625 0.0375
1 0.071875 0.6296875 0.1171875 0.2765625
2 0.13046875 0.33125 0.071875 0.1875
1 0.24453125 0.39609375 0.1046875 0.2453125
1 0.30859375 0.44375 0.103125 0.2265625
1 0.484375 0.34921875 0.1140625 0.1921875
1 0.56953125 0.403125 0.0875 0.225
1 0.63828125 0.65 0.11875 0.303125
1 0.61015625 0.5859375 0.1046875 0.253125
1 0.48671875 0.5984375 0.1 0.271875
1 0.31875 0.7375 0.1625 0.29375
1 0.77109375 0.69765625 0.0921875 0.2609375
2 0.80078125 0.46328125 0.084375 0.21875