2 0.28984375 0.7296875 0.0609375 0.125
1 0.81171875 0.56875 0.075 0.1703125
2 0.91171875 0.74140625 0.0765625 0.225
0 0.69375 0.29921875 0.0203125 0.0296875
1 0.6984375 0.496875 0.0921875 0.2015625
1 0.65546875 0.490625 0.09375 0.2734375
1 0.6609375 0.64765625 0.1203125 0.240625
1 0.61484375 0.5109375 0.090625 0.2046875
1 0.56328125 0.50859375 0.0828125 0.178125
1 0.4953125 0.6578125 0.1015625 0.221875
1 0.509375 0.3375 0.0828125 0.1625
2 0.42578125 0.26953125 0.075 0.19375
1 0.14375 0.65546875 0.1203125 0.2625
1 0.20703125 0.38359375 0.0875 0.2