2 0.834375 0.20390625 0.0625 0.1796875
1 0.9578125 0.40078125 0.071875 0.2078125
1 0.59921875 0.4078125 0.103125 0.215625
1 0.4421875 0.225 0.065625 0.15625
1 0.29765625 0.5375 0.0953125 0.209375
2 0.41953125 0.7234375 0.0609375 0.184375
1 0.1515625 0.66328125 0.09375 0.2171875
0 0.33203125 0.26875 0.0203125 0.028125
1 0.37890625 0.409375 0.1015625 0.19375
1 0.390625 0.4390625 0.0875 0.19375
1 0.38671875 0.37421875 0.0859375 0.2078125
1 0.36796875 0.30078125 0.0453125 0.0921875
1 0.3453125 0.3296875 0.071875 0.203125
2 0.2796875 0.290625 0.065625 0.171875