0 0.39453125 0.64609375 0.0234375 0.0375
2 0.27890625 0.76015625 0.09375 0.2328125
2 0.309375 0.26796875 0.05 0.159375
2 0.90703125 0.34765625 0.0703125 0.1828125
1 0.78671875 0.459375 0.084375 0.2390625
1 0.6546875 0.4671875 0.08125 0.215625
1 0.4359375 0.6109375 0.1078125 0.184375
1 0.34765625 0.55859375 0.078125 0.1984375
1 0.32578125 0.5625 0.0640625 0.253125
1 0.41953125 0.29296875 0.0578125 0.1765625
1 0.43671875 0.31484375 0.090625 0.1640625
1 0.47734375 0.34140625 0.09375 0.190625
1 0.43515625 0.37578125 0.071875 0.1890625