2 0.1625 0.28828125 0.090625 0.2359375
2 0.43359375 0.68828125 0.0828125 0.1890625
0 0.58359375 0.2703125 0.0203125 0.040625
1 0.33203125 0.1765625 0.0640625 0.228125
1 0.38359375 0.34765625 0.0765625 0.2390625
1 0.33203125 0.53671875 0.0796875 0.2609375
1 0.5 0.4984375 0.08125 0.29375
1 0.60703125 0.4 0.0734375 0.25625
1 0.66171875 0.49609375 0.0984375 0.2828125
1 0.68671875 0.40078125 0.0953125 0.2421875
1 0.73984375 0.23359375 0.090625 0.2390625
1 0.81640625 0.2359375 0.0984375 0.259375
1 0.91640625 0.4546875 0.075 0.25625
2 0.8796875 0.134375 0.08125 0.20625