0 0.7921875 0.375 0.01875 0.0328125
2 0.75 0.1921875 0.05625 0.2125
1 0.49375 0.196875 0.05625 0.2140625
2 0.01640625 0.621875 0.0265625 0.240625
2 0.65078125 0.7421875 0.075 0.1984375
1 0.8515625 0.3921875 0.1046875 0.2296875
1 0.44453125 0.31640625 0.0578125 0.215625
1 0.4125 0.371875 0.06875 0.2375
1 0.45625 0.4 0.0921875 0.2453125
1 0.56484375 0.50078125 0.0734375 0.2515625
1 0.63125 0.515625 0.084375 0.2484375
1 0.64453125 0.4125 0.0640625 0.2421875
1 0.171875 0.71328125 0.0609375 0.2421875
1 0.26875 0.6234375 0.09375 0.240625