0 0.53203125 0.521875 0.028125 0.040625
2 0.86171875 0.4078125 0.090625 0.2125
2 0.32421875 0.30859375 0.0796875 0.23125
2 0.4546875 0.91328125 0.0734375 0.1703125
1 0.23046875 0.76015625 0.109375 0.2609375
1 0.35625 0.7203125 0.15 0.3109375
1 0.4203125 0.7203125 0.10625 0.296875
1 0.3390625 0.5234375 0.1203125 0.2609375
1 0.53984375 0.28046875 0.08125 0.228125
1 0.51015625 0.359375 0.1046875 0.23125
1 0.475 0.4921875 0.10625 0.24375
1 0.5375 0.51875 0.10625 0.203125
1 0.72421875 0.64765625 0.1171875 0.2734375
1 0.875 0.728125 0.125 0.2984375