0 0.59765625 0.63046875 0.021875 0.0359375
2 0.70546875 0.75 0.0765625 0.2265625
2 0.71171875 0.2578125 0.0390625 0.1578125
2 0.10859375 0.30546875 0.0578125 0.1796875
1 0.21875 0.4234375 0.0671875 0.234375
1 0.35078125 0.43828125 0.065625 0.2109375
1 0.55859375 0.59375 0.0953125 0.178125
1 0.6515625 0.54453125 0.0640625 0.19375
1 0.6734375 0.55 0.0453125 0.253125
1 0.59921875 0.2765625 0.0453125 0.175
1 0.58046875 0.29765625 0.0796875 0.1578125
1 0.5375 0.321875 0.08125 0.184375
1 0.57734375 0.359375 0.059375 0.1859375