2 0.384375 0.8734375 0.084375 0.253125
1 0.29140625 0.79921875 0.0984375 0.3015625
1 0.99140625 0.68515625 0.0171875 0.1859375
2 0.978125 0.30390625 0.04375 0.2046875
2 0.3234375 0.290625 0.059375 0.1875
0 0.37421875 0.28046875 0.0234375 0.034375
1 0.3640625 0.43046875 0.078125 0.2421875
1 0.3796875 0.44765625 0.1 0.284375
1 0.4453125 0.66953125 0.125 0.303125
1 0.4578125 0.49375 0.071875 0.259375
1 0.475 0.43671875 0.10625 0.2671875
1 0.528125 0.48984375 0.096875 0.2046875
1 0.58359375 0.2609375 0.0671875 0.23125
1 0.59921875 0.5265625 0.1109375 0.2625