1 0.60625 0.28203125 0.0640625 0.1328125
2 0.86171875 0.403125 0.084375 0.2
2 0.7828125 0.75 0.0953125 0.221875
2 0.17265625 0.4203125 0.059375 0.1546875
1 0.25078125 0.48515625 0.0859375 0.18125
1 0.35703125 0.55 0.1 0.2015625
1 0.38203125 0.5625 0.078125 0.2
1 0.50390625 0.51875 0.0921875 0.2078125
1 0.43515625 0.71328125 0.115625 0.21875
1 0.37421875 0.73203125 0.134375 0.2640625
0 0.315625 0.6640625 0.0234375 0.034375
1 0.95234375 0.6265625 0.0890625 0.2296875
1 0.8015625 0.58203125 0.0953125 0.2265625
1 0.65234375 0.384375 0.0671875 0.184375