2 0.25234375 0.3875 0.0515625 0.190625
2 0.68359375 0.30234375 0.0484375 0.1515625
2 0.68046875 0.83671875 0.059375 0.1359375
0 0.70625 0.48359375 0.015625 0.0296875
1 0.6875 0.478125 0.09375 0.171875
1 0.653125 0.44140625 0.0796875 0.23125
1 0.6796875 0.3953125 0.0421875 0.175
1 0.75390625 0.3765625 0.0453125 0.171875
1 0.78515625 0.70859375 0.08125 0.240625
1 0.6421875 0.5875 0.0578125 0.2171875
1 0.4296875 0.46171875 0.0828125 0.20625
1 0.33515625 0.54296875 0.0625 0.2125
1 0.28359375 0.50703125 0.05 0.225
1 0.11484375 0.6921875 0.0796875 0.24375