0 0.4515625 0.1625 0.0265625 0.0375
1 0.37734375 0.32734375 0.1375 0.2953125
1 0.41484375 0.33515625 0.125 0.365625
1 0.2984375 0.4828125 0.1046875 0.2515625
2 0.959375 0.31484375 0.0796875 0.225
2 0.20234375 0.41640625 0.090625 0.246875
2 0.46171875 0.7796875 0.0828125 0.125
1 0.97578125 0.5609375 0.04375 0.2546875
1 0.70859375 0.73515625 0.140625 0.30625
1 0.68359375 0.303125 0.103125 0.2234375
1 0.62109375 0.47109375 0.1046875 0.26875
1 0.5703125 0.646875 0.11875 0.30625
1 0.475 0.43828125 0.1109375 0.24375
1 0.43046875 0.45390625 0.1171875 0.2640625