2 0.803125 0.31953125 0.071875 0.2109375
2 0.60234375 0.75546875 0.0734375 0.1515625
2 0.09296875 0.3234375 0.0703125 0.2078125
0 0.19453125 0.428125 0.025 0.040625
1 0.29453125 0.309375 0.0625 0.1828125
1 0.2078125 0.5625 0.0890625 0.28125
1 0.3046875 0.5671875 0.0984375 0.23125
1 0.36171875 0.56171875 0.0828125 0.284375
1 0.37421875 0.421875 0.0734375 0.2296875
1 0.49453125 0.3375 0.0890625 0.21875
1 0.61640625 0.26875 0.065625 0.1359375
1 0.6390625 0.39453125 0.0828125 0.2375
1 0.79375 0.5359375 0.1 0.2328125
1 0.78828125 0.721875 0.1125 0.228125