0 0.27421875 0.6796875 0.034375 0.0515625
2 0.0453125 0.74140625 0.090625 0.2984375
2 0.36640625 0.1125 0.0890625 0.2203125
1 0.42421875 0.215625 0.1375 0.2734375
1 0.55703125 0.2921875 0.1 0.25625
1 0.60625 0.51328125 0.1359375 0.303125
1 0.58515625 0.534375 0.1546875 0.3015625
1 0.528125 0.565625 0.1453125 0.31875
1 0.67734375 0.58515625 0.134375 0.3359375
1 0.35234375 0.628125 0.165625 0.2421875
1 0.290625 0.634375 0.171875 0.2828125
1 0.18515625 0.4703125 0.140625 0.275
1 0.075 0.509375 0.128125 0.2921875