2 0.1640625 0.38203125 0.0796875 0.2109375
2 0.4890625 0.73359375 0.0796875 0.153125
2 0.84375 0.16640625 0.0796875 0.2078125
0 0.778125 0.29765625 0.025 0.040625
1 0.64609375 0.21484375 0.0703125 0.184375
1 0.80625 0.428125 0.1 0.2828125
1 0.71640625 0.46328125 0.10625 0.2328125
1 0.659375 0.47578125 0.09375 0.284375
1 0.6046875 0.34609375 0.0828125 0.2296875
1 0.4640625 0.30390625 0.096875 0.2203125
1 0.32734375 0.2765625 0.071875 0.1375
1 0.34375 0.4015625 0.0921875 0.2375
1 0.2390625 0.584375 0.1078125 0.2328125
1 0.3 0.759375 0.121875 0.2296875