1 0.56328125 0.5140625 0.1359375 0.21875
1 0.3203125 0.409375 0.1 0.20625
1 0.90625 0.50390625 0.11875 0.2171875
1 0.57890625 0.4078125 0.0984375 0.209375
1 0.42890625 0.36640625 0.103125 0.2265625
1 0.3734375 0.63203125 0.13125 0.2078125
2 0.03203125 0.621875 0.0640625 0.2375
2 0.4015625 0.78984375 0.165625 0.2703125
1 0.81015625 0.278125 0.0765625 0.215625
1 0.38203125 0.61484375 0.1296875 0.2078125
1 0.3 0.31640625 0.053125 0.1140625
1 0.478125 0.25625 0.090625 0.20625
2 0.6421875 0.25234375 0.08125 0.2078125
0 0.39921875 0.625 0.0296875 0.0375