1 0.26484375 0.74765625 0.1109375 0.26875
0 0.784375 0.56015625 0.021875 0.0296875
1 0.784375 0.3515625 0.0875 0.1796875
2 0.79609375 0.296875 0.0578125 0.18125
2 0.50390625 0.83515625 0.0953125 0.2265625
2 0.2953125 0.4296875 0.0625 0.16875
1 0.51328125 0.29765625 0.09375 0.18125
1 0.51328125 0.41640625 0.0828125 0.1921875
1 0.68359375 0.49375 0.109375 0.1984375
1 0.7875 0.55546875 0.1046875 0.2296875
1 0.721875 0.77109375 0.1421875 0.26875
1 0.61640625 0.56875 0.0984375 0.1953125
1 0.54921875 0.65078125 0.10625 0.240625
1 0.39765625 0.5484375 0.10625 0.2296875