0 0.12890625 0.5875 0.0234375 0.04375
1 0.11640625 0.6 0.078125 0.234375
2 0.11015625 0.5484375 0.0578125 0.2125
1 0.32734375 0.59140625 0.0421875 0.2515625
1 0.4609375 0.4984375 0.115625 0.221875
1 0.48203125 0.39140625 0.053125 0.1921875
1 0.7515625 0.42890625 0.059375 0.2046875
1 0.76015625 0.31953125 0.0609375 0.2015625
1 0.796875 0.44609375 0.075 0.2046875
1 0.57890625 0.62578125 0.1140625 0.2546875
1 0.60703125 0.5921875 0.0859375 0.265625
1 0.58125 0.62421875 0.0875 0.2859375
2 0.77421875 0.303125 0.0484375 0.1625
2 0.67421875 0.7171875 0.0625 0.253125