2 0.83359375 0.321875 0.065625 0.2109375
1 0.7109375 0.421875 0.1015625 0.24375
1 0.6984375 0.2796875 0.0609375 0.2015625
1 0.6546875 0.43515625 0.06875 0.246875
2 0.49921875 0.76015625 0.065625 0.1375
1 0.665625 0.6390625 0.08125 0.2265625
1 0.6625 0.73671875 0.06875 0.2171875
1 0.47421875 0.32109375 0.125 0.1984375
1 0.378125 0.4515625 0.0671875 0.2171875
2 0.21484375 0.2109375 0.065625 0.20625
1 0.1859375 0.559375 0.0859375 0.2625
1 0.31328125 0.53203125 0.0703125 0.253125
0 0.26328125 0.30859375 0.01875 0.03125
1 0.246875 0.34140625 0.078125 0.228125