2 0.48671875 0.74921875 0.078125 0.1125
2 0.16640625 0.35078125 0.0953125 0.2671875
2 0.925 0.11484375 0.109375 0.2296875
1 0.68828125 0.46328125 0.15625 0.2671875
1 0.7109375 0.4390625 0.15625 0.265625
1 0.51640625 0.3890625 0.1296875 0.24375
1 0.45625 0.3375 0.15625 0.2625
1 0.4265625 0.159375 0.090625 0.221875
1 0.42734375 0.2515625 0.0984375 0.2375
1 0.3234375 0.490625 0.09375 0.296875
1 0.4078125 0.53046875 0.10625 0.2859375
1 0.5140625 0.69296875 0.090625 0.2046875
0 0.50859375 0.39375 0.028125 0.034375