2 0.91875 0.5875 0.05625 0.25625
2 0.22109375 0.271875 0.0796875 0.203125
2 0.13828125 0.78203125 0.075 0.2359375
1 0.14296875 0.575 0.0953125 0.253125
1 0.31171875 0.31640625 0.0765625 0.2359375
1 0.55546875 0.37421875 0.0609375 0.2328125
1 0.5046875 0.31171875 0.028125 0.0453125
1 0.53359375 0.4140625 0.0640625 0.21875
1 0.49453125 0.42109375 0.0703125 0.2265625
1 0.503125 0.46796875 0.09375 0.2171875
1 0.60703125 0.4796875 0.0890625 0.2125
1 0.6078125 0.525 0.121875 0.23125
1 0.41328125 0.5625 0.1046875 0.19375
0 0.578125 0.54765625 0.025 0.040625