2 0.22109375 0.275 0.0578125 0.2046875
1 0.33828125 0.378125 0.090625 0.2359375
1 0.3546875 0.23984375 0.0515625 0.196875
1 0.39140625 0.39453125 0.059375 0.2390625
2 0.53203125 0.721875 0.059375 0.1328125
1 0.37265625 0.59453125 0.071875 0.2203125
1 0.37265625 0.690625 0.0609375 0.2109375
1 0.5734375 0.29375 0.115625 0.190625
1 0.6625 0.425 0.059375 0.209375
2 0.8328125 0.19765625 0.0546875 0.2
1 0.84765625 0.540625 0.075 0.25625
1 0.72421875 0.50703125 0.059375 0.2453125
0 0.78203125 0.28984375 0.0171875 0.0296875
1 0.796875 0.3234375 0.06875 0.2203125