2 0.89375 0.53984375 0.05 0.2171875
2 0.40859375 0.31171875 0.071875 0.16875
2 0.2625 0.9125 0.040625 0.175
1 0.2125 0.6875 0.0578125 0.2453125
1 0.12734375 0.4796875 0.04375 0.225
1 0.42109375 0.4359375 0.0609375 0.16875
1 0.38671875 0.53515625 0.0625 0.2359375
1 0.4703125 0.390625 0.0484375 0.1921875
1 0.4859375 0.41796875 0.0859375 0.1875
1 0.640625 0.4921875 0.0515625 0.2140625
1 0.63671875 0.60859375 0.0484375 0.2515625
1 0.596875 0.809375 0.0609375 0.29375
1 0.81328125 0.5890625 0.0515625 0.2703125