0 0.61796875 0.6515625 0.028125 0.0484375
2 0.853125 0.74921875 0.0953125 0.2875
2 0.61328125 0.1015625 0.0578125 0.1890625
1 0.54140625 0.18046875 0.1015625 0.2609375
1 0.403125 0.234375 0.0640625 0.2484375
1 0.32265625 0.43984375 0.0953125 0.290625
1 0.33984375 0.4640625 0.1140625 0.2875
1 0.38984375 0.503125 0.103125 0.3046875
1 0.24296875 0.5 0.0890625 0.3265625
1 0.5515625 0.5890625 0.134375 0.2234375
1 0.61015625 0.60546875 0.1359375 0.265625
1 0.73671875 0.46328125 0.1046875 0.2625
1 0.83671875 0.5171875 0.0890625 0.2828125