2 0.4234375 0.8515625 0.128125 0.2890625
2 0.79453125 0.28046875 0.0890625 0.209375
0 0.384375 0.3296875 0.021875 0.0328125
1 0.35078125 0.8140625 0.1171875 0.234375
1 0.31875 0.646875 0.09375 0.1890625
1 0.38046875 0.52421875 0.134375 0.26875
1 0.39140625 0.3890625 0.084375 0.178125
1 0.41875 0.309375 0.084375 0.2046875
1 0.7171875 0.584375 0.1234375 0.3296875
1 0.7796875 0.3421875 0.084375 0.2203125
1 0.62734375 0.45234375 0.0953125 0.2421875
1 0.53359375 0.4375 0.1140625 0.2328125
1 0.55078125 0.571875 0.103125 0.2625