2 0.2265625 0.38046875 0.0359375 0.1875
2 0.47109375 0.84609375 0.05 0.20625
0 0.75625 0.74296875 0.0203125 0.0328125
1 0.44609375 0.28671875 0.0484375 0.1890625
1 0.40234375 0.43046875 0.0390625 0.215625
1 0.3578125 0.73203125 0.0859375 0.2078125
1 0.33515625 0.74140625 0.078125 0.25
1 0.64140625 0.35625 0.04375 0.18125
1 0.57109375 0.45078125 0.046875 0.20625
1 0.68125 0.71484375 0.084375 0.184375
1 0.771875 0.75078125 0.0875 0.2328125
1 0.7953125 0.5234375 0.05 0.2109375
1 0.9328125 0.46015625 0.0546875 0.209375
2 0.94453125 0.34375 0.0328125 0.1765625