2 0.7234375 0.30234375 0.05 0.171875
1 0.4390625 0.60546875 0.1046875 0.2
2 0.6453125 0.728125 0.0546875 0.1734375
1 0.26328125 0.41171875 0.0453125 0.165625
1 0.49453125 0.62265625 0.0828125 0.225
2 0.09921875 0.36953125 0.0453125 0.16875
1 0.56015625 0.31171875 0.06875 0.1796875
1 0.51328125 0.27578125 0.0671875 0.1765625
1 0.43046875 0.28203125 0.053125 0.1609375
1 0.49296875 0.3671875 0.0703125 0.1796875
1 0.44765625 0.446875 0.0828125 0.1625
1 0.396875 0.51953125 0.0796875 0.209375
1 0.365625 0.51171875 0.0734375 0.2203125