0 0.3625 0.7171875 0.0203125 0.0421875
2 0.63046875 0.309375 0.0390625 0.1859375
2 0.01171875 0.67734375 0.0234375 0.2140625
2 0.875 0.9046875 0.046875 0.190625
1 0.53828125 0.68828125 0.059375 0.25
1 0.46015625 0.7203125 0.065625 0.2234375
1 0.39765625 0.66796875 0.1015625 0.1953125
1 0.39921875 0.73125 0.0828125 0.2453125
1 0.3859375 0.49765625 0.0546875 0.2171875
1 0.459375 0.2875 0.046875 0.19375
1 0.58828125 0.43125 0.0546875 0.2109375
1 0.64921875 0.52421875 0.0546875 0.234375
1 0.809375 0.396875 0.0515625 0.19375
1 0.9484375 0.503125 0.04375 0.246875