0 0.9171875 0.6421875 0.025 0.04375
1 0.928125 0.65625 0.0953125 0.2484375
2 0.9421875 0.60390625 0.065625 0.225
1 0.709375 0.61953125 0.06875 0.2640625
1 0.58359375 0.5046875 0.140625 0.2453125
1 0.5765625 0.38984375 0.075 0.2046875
1 0.2890625 0.39296875 0.0875 0.2203125
1 0.29609375 0.278125 0.0671875 0.215625
1 0.240625 0.4046875 0.08125 0.21875
1 0.4421875 0.62109375 0.1375 0.275
1 0.41796875 0.58203125 0.1140625 0.284375
1 0.43984375 0.6203125 0.1 0.3046875
2 0.28359375 0.2578125 0.0546875 0.175
2 0.32890625 0.7046875 0.0875 0.2703125