2 0.275 0.75 0.046875 0.19375
2 0.41171875 0.15078125 0.0515625 0.159375
2 0.92890625 0.54765625 0.040625 0.2421875
1 0.59921875 0.37890625 0.0546875 0.1703125
1 0.60703125 0.51796875 0.1328125 0.2609375
1 0.6296875 0.51171875 0.053125 0.26875
1 0.44140625 0.63828125 0.0984375 0.2265625
1 0.33203125 0.6828125 0.1015625 0.228125
1 0.19453125 0.3890625 0.0890625 0.221875
0 0.32109375 0.6625 0.0109375 0.025
1 0.34140625 0.2578125 0.0734375 0.209375
1 0.4125 0.284375 0.065625 0.1875
1 0.41796875 0.36015625 0.078125 0.15
1 0.40703125 0.39296875 0.125 0.2015625