0 0.5109375 0.4828125 0.028125 0.0421875
2 0.784375 0.26015625 0.096875 0.215625
2 0.2421875 0.3515625 0.0859375 0.234375
2 0.5734375 0.896875 0.084375 0.2
1 0.30625 0.815625 0.1171875 0.265625
1 0.41171875 0.73359375 0.159375 0.3171875
1 0.471875 0.71171875 0.115625 0.3
1 0.32734375 0.5515625 0.1296875 0.2640625
1 0.4359375 0.25 0.0875 0.2296875
1 0.434375 0.33515625 0.1109375 0.2359375
1 0.446875 0.47421875 0.1125 0.246875
1 0.51484375 0.47890625 0.1125 0.2078125
1 0.73515625 0.53671875 0.125 0.278125
1 0.90625 0.56171875 0.134375 0.303125