2 0.8046875 0.20546875 0.06875 0.1828125
1 0.93515625 0.40078125 0.06875 0.20625
1 0.57421875 0.4140625 0.084375 0.2109375
1 0.4109375 0.23359375 0.0546875 0.1546875
1 0.27578125 0.54921875 0.0921875 0.2078125
2 0.40390625 0.734375 0.0671875 0.1875
1 0.13203125 0.67890625 0.09375 0.2171875
0 0.30234375 0.27890625 0.01875 0.028125
1 0.35390625 0.4203125 0.0921875 0.1890625
1 0.36640625 0.4484375 0.0765625 0.1890625
1 0.359375 0.38515625 0.0765625 0.20625
1 0.33984375 0.31015625 0.040625 0.0921875
1 0.3171875 0.33984375 0.0671875 0.2015625
2 0.25 0.30234375 0.059375 0.1703125