2 0.609375 0.87265625 0.0765625 0.2546875
1 0.70078125 0.79296875 0.090625 0.2921875
1 0.01328125 0.6796875 0.0203125 0.18125
2 0.01953125 0.3078125 0.03125 0.1984375
2 0.6625 0.29765625 0.04375 0.1828125
0 0.6140625 0.28671875 0.0203125 0.03125
1 0.625 0.4328125 0.05 0.234375
1 0.609375 0.45078125 0.0640625 0.2734375
1 0.5484375 0.665625 0.09375 0.2890625
1 0.53515625 0.49453125 0.0484375 0.25
1 0.5171875 0.4390625 0.0765625 0.25625
1 0.46640625 0.48984375 0.090625 0.1984375
1 0.409375 0.26796875 0.0640625 0.225
1 0.3984375 0.52578125 0.078125 0.25