0 0.6609375 0.1890625 0.028125 0.034375
1 0.66328125 0.3640625 0.1546875 0.29375
1 0.62578125 0.35625 0.1234375 0.353125
1 0.67109375 0.53125 0.1234375 0.25
2 0.1484375 0.1265625 0.103125 0.221875
2 0.78359375 0.5109375 0.0984375 0.24375
2 0.409375 0.728125 0.0875 0.125
1 0.0328125 0.3328125 0.065625 0.246875
1 0.20703125 0.59296875 0.1671875 0.3046875
1 0.40078125 0.2234375 0.1078125 0.21875
1 0.3890625 0.3953125 0.121875 0.265625
1 0.36484375 0.56953125 0.1296875 0.3
1 0.53125 0.4234375 0.11875 0.240625
1 0.565625 0.45390625 0.134375 0.2625