0 0.37890625 0.7765625 0.0296875 0.0421875
1 0.59609375 0.28203125 0.075 0.2171875
1 0.62265625 0.4390625 0.0828125 0.2484375
1 0.49375 0.62421875 0.1203125 0.275
1 0.41171875 0.63203125 0.115625 0.3203125
1 0.36875 0.62421875 0.0859375 0.246875
1 0.32265625 0.71953125 0.1671875 0.2609375
1 0.25546875 0.40078125 0.0796875 0.240625
1 0.2625 0.29609375 0.096875 0.234375
1 0.40625 0.38515625 0.084375 0.2265625
1 0.18046875 0.32578125 0.0859375 0.234375
2 0.2796875 0.8640625 0.096875 0.2328125
2 0.3875 0.228125 0.06875 0.2125