0 0.56171875 0.7046875 0.0296875 0.040625
2 0.68671875 0.81640625 0.1078125 0.246875
2 0.6421875 0.30234375 0.0625 0.16875
2 0.034375 0.421875 0.06875 0.196875
1 0.14765625 0.5328125 0.0984375 0.25
1 0.2859375 0.5328125 0.1 0.23125
1 0.51953125 0.66953125 0.1171875 0.1953125
1 0.61015625 0.609375 0.0921875 0.2125
1 0.6328125 0.6125 0.0875 0.271875
1 0.528125 0.3359375 0.065625 0.184375
1 0.51015625 0.35859375 0.1140625 0.18125
1 0.46875 0.390625 0.11875 0.20625
1 0.51328125 0.42421875 0.1015625 0.20625