0 0.80078125 0.3953125 0.0203125 0.0328125
2 0.79140625 0.21640625 0.0765625 0.20625
1 0.54921875 0.1765625 0.075 0.2078125
2 0.02890625 0.490625 0.05 0.234375
2 0.60859375 0.715625 0.090625 0.19375
1 0.8546875 0.42109375 0.121875 0.2265625
1 0.4828125 0.28203125 0.0765625 0.209375
1 0.44375 0.32734375 0.0890625 0.23125
1 0.48046875 0.36171875 0.1140625 0.240625
1 0.56640625 0.47421875 0.0953125 0.2453125
1 0.6265625 0.5 0.10625 0.2421875
1 0.65546875 0.40546875 0.0859375 0.234375
1 0.16328125 0.60703125 0.0828125 0.2328125
1 0.26796875 0.5390625 0.1140625 0.2359375