2 0.85625 0.275 0.05 0.1765625
1 0.95234375 0.4859375 0.05 0.2015625
1 0.6 0.44140625 0.065625 0.2046875
1 0.46953125 0.2390625 0.040625 0.15
1 0.2875 0.52421875 0.071875 0.2
2 0.3828125 0.725 0.0484375 0.18125
1 0.1265625 0.6265625 0.075 0.2078125
0 0.35625 0.265625 0.015625 0.0265625
1 0.38359375 0.4109375 0.075 0.18125
1 0.39140625 0.44140625 0.059375 0.1828125
1 0.3953125 0.37734375 0.05625 0.2
1 0.38828125 0.30234375 0.0328125 0.0890625
1 0.36171875 0.3265625 0.046875 0.196875
2 0.30234375 0.28046875 0.04375 0.165625